name,title,date,video_url,view_num,likes_num,unlikes_num,comments
,"[한상춘의 지금 세계는]불붙는 '가상화폐 가치(VALUE)'논쟁...코인개미""가치가 없다면서 세금은 왜 매기나요?",2021. 4. 27.,http://www.youtube.com/watch?v=HndJAMa84v4,"조회수 10,927회",좋아요 226개,싫어요 23개,
,캐시우드가 매입하고 있는 성장주는? / THE PULSE  / 한국경제TV,2021. 4. 27.,http://www.youtube.com/watch?v=HndJAMa84v4,"조회수 1,639회",좋아요 38개,싫어요 없음,너무너무 아름다우세요!!!|GO ARK! 감사합니다. 언제나 패션널블한 핑크 수현님~|요샌 정말  이쁜녀자가 너무 많아.. ㅇㅇ
,"[한상춘의 지금 세계는]불붙는 '가상화폐 가치(VALUE)'논쟁...코인개미""가치가 없다면서 세금은 왜 매기나요?",2021. 4. 26.,http://www.youtube.com/watch?v=HndJAMa84v4,"조회수 10,927회",좋아요 226개,싫어요 23개,
,캐시우드가 매입하고 있는 성장주는? / THE PULSE  / 한국경제TV,2021. 4. 27.,http://www.youtube.com/watch?v=HndJAMa84v4,"조회수 1,639회",좋아요 38개,싫어요 없음,너무너무 아름다우세요!!!|GO ARK! 감사합니다. 언제나 패션널블한 핑크 수현님~|요샌 정말  이쁜녀자가 너무 많아.. ㅇㅇ
,[미주사한주사]비트코인 재반등 / 오늘장 관심주 : POSCO / 한국경제TV,2021. 4. 27.,http://www.youtube.com/watch?v=HndJAMa84v4,"조회수 1,532회",좋아요 31개,싫어요 1개,예전에는 어준이방송으로 자꾸 유도하더만 이젠 또 주식쪽으로 유도해버리네...    진짜 지겹다
,오늘장 놓쳐선 안될 당신이 잠든 사이 일어난 해외이슈7/한국경제TV,2021. 4. 27.,http://www.youtube.com/watch?v=HndJAMa84v4,"조회수 75,580회","좋아요 1,819개",싫어요 41개,5:10 꺅끄누나 고운하루 보내요|5:10 꺆끄~♡|오늘도 잘했어 :)|아침마다 항상 고맙습니다^^|오늘도 좋은 정보 감사합니다 ~^^|IT상승이 기대됩니다. 감사합니다~|좋은 뉴스 감사합니다^^|꺄끄 꺄끄|고운이누난 언제봐도 👍|고마워요!|매일 아침 잘보고있습니다|감사합니다|감사합니다|감사합니다|감사합니다.|발음 죽이네요 꺄끄|1|글로벌 IB 탑픽 실적 생각보다 좋음 엌ㅋㅋ|갈끄니까~|일론 왜 기여운겨 ㅋㅋ|오늘도 파이팅~^^|굿굿 감사링|좋은 방송 감사합니다|감사드립니다|👍|비트코인 반등 소식 감사합니다|박고운 누나랑 결혼하고싶당|우리나라는 언제 백신이 들어올런지..|주식에서 피할3가지 해야할3가지|???: 화성 갈끄니까~~|영국지수는 뭐라고 부르나요?|24:07|매일 아침일찍 고생많으시네여 감사합니다~|전가은 캐스터 오늘 훌륭했어요~~~~|코로나 얼른 끝나서 캐스터분들 회식도 하시고 더 친해지셔야하는데ㅠㅠ|매일 좋은 뉴스들 감사합니다. 고운누나는 처음에 술드시고 방송하는줄 알았어요. 발음이 약간 취기있는 발음이셔서 ㅎㅎ 첨엔 듣기 좀 힘들고 안쓰러웠는데 계속 듣다보니 적응되네요. 뭐 째뜬 매일아침 감사합니다. ㅋ
,"철강·조선·카지노 대표 삼총사, 이 세 종목은 반드시 담아두세요!  / 퇴근길 꼭 봐야할 내일장 공략주 /  성공투자 오후증시 / 한국경제TV",2021. 4. 26.,http://www.youtube.com/watch?v=HndJAMa84v4,"조회수 22,298회",좋아요 403개,싫어요 12개,"슬슬 설거지 합니다 개미님들|주식에서 피할3가지 해야할3가지|오래전에 상폐된 보일라공장 삼영열기로 떠들던 친구아닌가? 참 찔기게 버티고있구먼.  당시 가긴 좀 갔었지 그리고 얼마후 상폐.. 누군가는 많이 상했겠지.. 즐거운 인생.|요즘 유튜브에 리딩방까는남자라고 업체들 매매정보 무료로 공개해주는데 거기랑 한국경제TV 같이 보면서 매매하니까 수익이 더 잘나오는거 같아요! 매일 좋은 정보 감사합니다~^^|대우건설, 삼성엔지니어링 이거 불사조가 한참전에 추천했던건데 ㅎㅎ 뉴스에 나오니 슬슬 팔때인가요... 분석내용 잘들었습니다~요즘은 전문가마다 조선/철강/건설 추천하네요.ㅋㅋ|이사람은 넥타이도 양복 색깔에
전혀 어울리지 않는 ..
남방도 ...  패션도 신경 써야 겟는데
추전하는 종목들 맞는거 하나도
없는데  
무조건 당일 오르는 종목들 수수료
때문인가 죽어라 매수 포지션 ㅎㅎ
답답하다 .   나이도 잇는데 은퇴해야될
나이인듯 보이는데
아직도"
,전문가 20인의 선택! 퇴근길 종목구조대 / 퇴근길 꼭 봐야할 내일장 공략주 / 성공투자 오후증시 / 한국경제TV,2021. 4. 26.,http://www.youtube.com/watch?v=HndJAMa84v4,"조회수 4,400회",좋아요 73개,싫어요 1개,2:09 킬포|유튜브에  리딩방까주는남자라고 있는데 작정하고 리딩방 수익 공개하고 있음.
,"[Biz & Life] [비즈앤 라이프] 달리는 스마트폰, 테슬라Y",2021. 4. 26.,http://www.youtube.com/watch?v=HndJAMa84v4,"조회수 4,976회",좋아요 77개,싫어요 7개,"너무 설명을 버벅 거려요..|잘못된 정보가 너무 많네요
충전기 버튼은 충전이 되게하는 버튼이 아니고 충전구를 여닫는 버튼이에요
2020년 테슬라는 글로벌 49만대를 넘겨서 거의 50만대를 팔았습니다
구성이나 편집은 유튜브보다는 10년전 정보프로그램처럼 구닥다리 느낌인데 내용이라도 정확해야죠|시트에 에어컨기능없다고  하셔서 빵터짐|ceo 노노 테크노킹|감사합니다|너무 틀린정보를 같이탄 여자분이 가려주네요
틀린정보를 저리확신하고 설명에 놀라웁니다|오 깔끔한 정리네요 ~^^♡
잘 봤습니다.|이건 뭐 차량리뷰도 수준떨어지고 기업 분석도 애들 장난수준이고 두마리 토끼 다 못잡네요|누나 너무 예뻐요!! 인스타 아이디알려주세요!|충전하실때 꽂은후 안눌러도됩니다
뺄때 누르른거에요|잘보고 갑니다 ~^^|앞부분 배경음악 너무 크고 '음성작아 스트레스 끄고 나가려다 참았음|신예원님 넘나 이쁘다♥|테슬라 산 사람 시간이 갈 수록 실망 쌓일 것이다. 조금이라도 고장 나면 열 불 터질거다. 돈 많은 자들의 비싼 장난감일 뿐이다.  이 유투버 테슬라도부터 광고비 얼마나 받을까?  앞으로 1년만 지나면 글로벌 점유율 5%  잡아도 높게 잡은 것일거다."
,여의도 PB들이 주목하는 리포트 신산업 주도 ㅇㅇ에 투자하라!/이진우의 핫소스/트레이딩핫타임/한국경제TV,2021. 4. 26.,http://www.youtube.com/watch?v=HndJAMa84v4,"조회수 3,525회",좋아요 85개,싫어요 5개,
,저가 반도체 수급난 지금은 어렵지만 시간 흐르면 실적에 긍정적일 것(노근창)/ 주식경제 이슈분석 / 한국경제TV,2021. 4. 26.,http://www.youtube.com/watch?v=HndJAMa84v4,"조회수 17,981회",좋아요 377개,싫어요 11개,"반도체?  크립토!|반도체는 노근창|노근창님 늘 감사합니다.|노근창 센터장님 역시 시원 시원 하십니다.|반도체주 가즈아|STM. 반도체 숄티지로 인한 1분기 어닝 서프라이즈. 태슬라, 애플 등 거물급 계약. 앞으로 3년은 존버할 주식.|유튜브에  리딩방까주는남자라고 있는데 영상보시고 공감가시는분들 오세요^^|유튜브에  리딩방까주는남자라고 있는데 영상보시고 공감가시는분들 오세요^^ ㅋㅋㅋ|반도체주가는 하락할수밖에. . .
미국에 빼앗기는  만큼 빠질수밖에 . .
기술도 자본도  빼어가는 미국은 날강도 . . .|유튜브에  리딩방까주는남자 라고 있는데 영상보시고 공감가시는분들 오세요^^ ㅋ|유튜브에  리딩방까주는남자라고 있는데 작정하고 리딩방 수익 공개하고 있음.ㅋ|구라쟁이  곱버스  이종우가  화장빨로  싹  가리고  자주나오네?? 설마 지가 작년내내  한말  안까먹었겠지??? 사람이 그리 살면  못쓴데이~~늘  반성하고  공부하며  살거라~~~|유튜브에  리딩방까주는남자라고 있는데 영상보시고 공감가시는분들 오세요^^"
,문제는 밸류에이션 거품은 아니나 과열 국면에 있는 미국 증시(김한진)/ 주식경제 이슈분석 / 한국경제TV,2021. 4. 26.,http://www.youtube.com/watch?v=HndJAMa84v4,"조회수 4,757회",좋아요 105개,싫어요 6개,"김한진 박사님^^♡.
항상 도움되는 인싸이트 감사합니다 ~|주식을 분석하는 파동|과열인데 꽤나 가긴할듯 문제는 대체 언제쯤 그 거품이 확실히 꺼질거냐는거지|유튜브에  리딩방까주는남자라고 있는데 영상보시고 공감가시는분들 오세요^^ ㅋㅋ|과열이면 거품이지 과열인데 거품이 아닐수가 있나?
오히려 지금은 과열은 아닌데 거품인것 같은데?"
,"[Biz & Life] [비즈앤 라이프] 점프 스튜디오, 가상과 현실을 잇다.",2021. 4. 26.,http://www.youtube.com/watch?v=HndJAMa84v4,"조회수 1,977회",좋아요 43개,싫어요 3개,
,10분 안에 당신을 사로잡을 종목! 노티스 VS 젠큐릭스/박우신의 뜨거운10분/트레이딩핫타임/한국경제TV,2021. 4. 26.,http://www.youtube.com/watch?v=HndJAMa84v4,"조회수 1,358회",좋아요 20개,싫어요 없음,
,오늘장 한 장으로 끝내는 이수화학/이상로의 빨간주식/트레이딩핫타임/한국경제TV,2021. 4. 26.,http://www.youtube.com/watch?v=HndJAMa84v4,"조회수 3,200회",좋아요 55개,싫어요 1개,오른것 누가 설명 해달라나?|이수화학도 물론 좋지만 이수화학과 관련되는 전고체배터리흐름을 눈여겨 봐야 합니다. 아직도 저평가 되어 있는 빨간주식에서 언급한 전고체배터리관련주를 관심있게 보시기 바랍니다. 정말 중요합니다.
,에스티팜/앵커의 눈/최성민의 빅샷/한국경제TV,2021. 4. 26.,http://www.youtube.com/watch?v=HndJAMa84v4,"조회수 8,808회",좋아요 250개,싫어요 16개,"추천이 아니라 매도 신호였어....ㅎ|감사합니다...
한경에서 제일 신뢰가 가는 분입니다...
좋은정보 투자에 많은 도움이 됩니다...^^|좋은정보 감사합니다
믿고보는 최성민님 방송~^^|근본기술도 없는 한미나 녹십자, 삼성, sk는 지금 준비한다고 해도 올해엔 절대 생산 못합니다. 공장 있다고 뚝딱 만들 수 있는 제조가 아니거든요..에스티팜이 방송멘트처럼 레시피가 완벽하게 준비되어 있고,,,,증설을 통해 얼마든지 제조가 가능합니다.|진행도 카리스마있으시고.
스타일도 멋지십니다~~👍👍|졸다가 귀가 번뜩했음|금요일에는 한미약품 말씀하시더니 주말에 공부좀 하셨나봅니다~
정확히 분석하셨습니다.
증설만하면 제일 기술력높은 에스티팜|확정 안되었는데 주가가 자만큼 움직였다는건.... 이미 공부하고 아는 사람은 알고있다는겁니다... 그냥 국내 LNP를 가지고있는 기업이 어딘가를 보면됩니다...|좋은 정보 감사합니다|존나  물렷네 ㅠ  믿은  내가  바보지|에스티팜 오늘 13.8% 급락함
방송보고 들어간사람들 손해가 크겠네|감사합니다|이인간이  방송하면 2일 안에 급락나옴|급락이다못해 지금 손절각이 되어버린 에스티팜 / 이제 좀 오르자|의미있는 내용 잘 봤습니다. 투자의 책임은 투자자에게 있습니다. 감사합니다.|포장문제 등  어렵다고 발표한걸로 아는데..뭐지?|다 오르면  떠드네|귀신같이 떨어질줄 알고 어제 추천해줬네
대박~
레전드다 레전드

어제 이거산 사람들
똥통에 처박혔네 ㅋㅋㅋㅋㅋㅋㅋㅋㅋ|가장 정확한 정보를 전달하고 있는데 결과는 두고 봐야 알겠죠!.........에스티팜이 구매한 특허를 갖고 코로나백신을 만드는 회사는?..... 모더나와 화이자.. 2개 회사뿐!.. 이 것이 힌트!|모더나가 기술이 없어 백신 생산량을 못늘리는게 아니라 생산 시설이 없기 때문인데  정부가 얘기한 위탁생산은 DP와 연관이 있을 가능성이 큰데, 에스티팜은 관련 설비가 없다는 게 회사 측의 설명이다.  대량 위탁생산 시설 자체가 없는데 무슨 8월 대량 위탁생산을 한다는 말인지.  모더나가 기술이전해줘도 대량생산시설이 없어 8월 대량위탁생산이 불가능 한데 뭐가 거의 완벽하게 준비가 됬다는 말인지. mrna백신 대량생산설비를 갖추고 있어서 모더나가 기술이전해주면 8월 mrna백신 대량 위탁생산 가능한 회사가 위탁생산 준비가 된 기업입니다. 대량생산시설을 뚝딱 만들수 있으면 모더나가 직접 생산합니다"
,공매도 재개 증시 영향은/기관의 눈/최성민의 빅샷/한국경제TV,2021. 4. 26.,http://www.youtube.com/watch?v=HndJAMa84v4,"조회수 5,044회",좋아요 101개,싫어요 5개,"잼나고 군더더기없는 진행. 항상 감사합니다
빅샷 홧팅!!|기관/외국인 공매도 제한없음
개인 60일 교육 금액 제안 
기울어진 운동장

이제는 정말
정권교체합시다"
,반도체 후공정 네패스/기관의 눈/최성민의 빅샷/한국경제TV,2021. 4. 26.,http://www.youtube.com/watch?v=HndJAMa84v4,"조회수 17,498회",좋아요 334개,싫어요 7개,"이틀 만에 대폭락
던지려고 그런거냐|제주도 ㅋㅋㅋㅋㅋㅋ|이럴려구 ...|코미코가 반도체 대장중에 대장이지~~~~~~~~~~코미코는 인텔 TSMC 삼성전자 하이닉스 4대 반도체회사에게 매출이 발생하는 종목임 
어디 감히 네패스를 ㅋㅋㅋ|괜찮네... 네패스... 어쨌든 성장성 그리고 저가..."
,‘공매도 재개 D-7’ 시장 여파와 개인 대응 전략은? / 한국경제TV / 증시라인,2021. 4. 26.,http://www.youtube.com/watch?v=HndJAMa84v4,"조회수 9,411회",좋아요 162개,싫어요 6개,"좋은 정보 감사합니다^^
수고 하셨습니다|갓선형대표님  오늘도 좋은강의 감사드립니다^^
씨에스윈드 종목도 감사드려요~♡|대표님 좋은 말씀 감사합니다|동아엘텍 박수세번 👏👏👏|이라이콤 샀는데 다행히 오르고있네요~|공매도 세력 실패의 역사|공매도는 사기다
폐지가 답이지
개인이 한다는것은 당한다|다음주 월요일엔 나도 공매도 얘기 할 수 있겠다.... 후행성 결과에 짜맞추기 말만 늘어놓는 것을 누가 못하나?|씨에스윈드 방송보자마자 바로샀는데 오늘 주가 충격받았어요ㅠㅠ 조정기간이겠죠?? 믿고 기다려봐야죠~~^^|만기없는 공매,,,ㅋㅋ
절대 개미 못 이긴다
개미 지옥  가즈아~!!!|개인이  공매도 많이 하면  외국인 기관이  대량  매수로  개미 죽인다  ㅋㅋ|개인이 공매도 하다가 60일 후 반납할때  가격 올라 있으면  연장도 안되고 ㅋ 디집니다. 말그대로 강제 숏커버|기관/외국인 공매도 제한없음
개인 60일 교육 금액 제한
기울어진 운동장

이제는 정말
정권교체합시다|좋은 소식은 예수 그리스도를 통해 당신이 구원 받았습니다 당신이있는 곳에서 당신의 마음을 믿기 위해 그를 믿으십시오.
천국에 성경을 읽으십시오 요한 복음 14 : 6, 로마서 10:13, 사도 행전 4:12 구원은 인류를위한 하나님의 선물입니다|공매도 오라|5월부터 시작될 공매도에 대한
걱정을 하시는 주식투자자분들에게
조금이나마 도움이 되었으면...
하는 바램입니다.


☆ 내 주식을 공매도에 이용되지 않게 하는 방법

*삼성증권
​
메뉴-뱅킹대출-대여-대여거래신청/해지
​
위에처럼 대여거래등록여부 미등록되어 있으면 OK
​
신청 되어 있을시 해제
​
​
*KB증권
​
뱅킹/대출-대여-주식/해지
​
​
*대신증권
​
온라인지점-대차중개서비스-주식대여 서비스 신청/해지
​
​
*한화증권
​
MRS : 왼쪽 하단에 '주식'-계좌잔고-주식대차거래-대차거래 신청/해지-비번 넣고 약정여부 조회/변경
​
​
*한국투자증권
​
HTS에서 메뉴상단에 인터넷뱅킹-신용/대출/대여약정신청/해지/변경에서 가능
​
​
*나무증권
​
메뉴-계좌/이체/청약/대출-대출/신용-대여풀서비스신청에서 해지
​
*키움증권
​
영웅문 화면 상단에 '주식대여'-[1658] 대여계좌 신청/해지-대여계좌 해지
​
*NH투자증권
​
HOME버튼-왼쪽하던 전체메뉴 클릭-우측상단 계좌/이체청약/대출클릭-좌측 대출/신용 클릭-대여풀서비스 신청/내역-미신청이면 완료
​
*미래에셋증권
​
뱅킹/자산-주식대여-대여 신청/해지-등록되어 있으면 해지
​
*하나대투
​
1.HTS : 왼쪽 상단에 0535입력-비번 넣고 조회 누르면 계좌 나오고 약정 여버 조회/변경가능
​
2.MTS : 왼쪽 하단에 '주식' 누르고 -메뉴 검색에서 '대차'라고 입력하면 검색-비번넣고 약정 여부 조회/변경
​
​
​
전화로 대차해지 요청시
​
​
​
동부증권 : 1588-4200
​
미래에셋 : 1588-9200
​
교보증권 : 1544-0900
​
신한증권 : 1588-0365
​
대신증권 : 1588-4488
​
신흥증권 : 080-7733-080
​
우리투자증권 : 1544-0000
​
유화증권 : 02-566-5522
​
이트레이드증권 : 1588-2428
​
키움증권 : 1544-9000
​
하나대투증권 : 1588-3111
​
한국투자증권 : 1544-5000
​
한양증권 : 1588-2145
​
대우증권 : 1588-3322
​
유안타증권 : 1588-2600
​
리딩투자증권 : 02-2009-7004
​
부국증권 : 1588-7744
​
골든브릿지투자증권 : 1566-0900
​
삼성증권 : 1588-2323
​
신영증권 : 1588-8588
​
CJ투자증권 : 1588-7171
​
HMC투자증권 : 1588-6655
​
KGI증권 : 02-3770-9200
​
KB투자증권 : 1599-7000
​
한화증권 : 1544-8282
​
현대차증권 : 1588-6611
​~~~~~~~~~~~~~~~~~~~~~~~~

공매도에 대해서 잘 모르시는분들을 위해
여기서 참고하시면 도움이 되실겁니다.

http://m.site.naver.com/0KvJk"
,0426 놓쳐선 안 될 '30초 투자뉴스' 2,2021. 4. 26.,http://www.youtube.com/watch?v=HndJAMa84v4,"조회수 1,081회",좋아요 12개,싫어요 1개,"좋은 소식은 예수 그리스도를 통해 당신이 구원 받았습니다 당신이있는 곳에서 당신의 마음을 믿기 위해 그를 믿으십시오.
천국에 성경을 읽으십시오 요한 복음 14 : 6, 로마서 10:13, 사도 행전 4:12 구원은 인류를위한 하나님의 선물입니다"
,0426놓쳐선 안 될 '30초 투자뉴스' 1,2021. 4. 26.,http://www.youtube.com/watch?v=HndJAMa84v4,조회수 905회,좋아요 6개,싫어요 없음,"좋은 소식은 예수 그리스도를 통해 당신이 구원 받았습니다 당신이있는 곳에서 당신의 마음을 믿기 위해 그를 믿으십시오.
천국에 성경을 읽으십시오 요한 복음 14 : 6, 로마서 10:13, 사도 행전 4:12 구원은 인류를위한 하나님의 선물입니다"
,"블랙록, 이례적인 두산퓨얼셀 단기 매도...ETF는 5% 이상 보유 / 공진단 / 한국경제TV",2021. 4. 26.,http://www.youtube.com/watch?v=HndJAMa84v4,"조회수 5,006회",좋아요 64개,싫어요 2개,
,공매도 재개 눈앞 결국은 오른다? / 김우식의 진짜전략 / 한국경제TV,2021. 4. 26.,http://www.youtube.com/watch?v=HndJAMa84v4,"조회수 20,431회",좋아요 305개,싫어요 20개,"힘들고 어려울때 공매도를 제제한다는건 그만큼 해를 끼친다는 반증아님?
공매도를 안해서 자금이 모이고 안정되니깐 공매도를 한다는건 대체 이유가 뭔가?
그렇게 공매도가 좋은거라면 힘들고 어려울때도 했었어야지.|공매도 세력 실패의 역사|아니면 말고,,,,,,|유튜브에  리딩방까주는남자라고 있는데 영상보시고 공감가시는분들 오세요^^ ㅋㅋ|안속는다. 개미들 묶어두고 지들이 공매도 치려고 언론프레이 하는 것 다 보인다. 비는 피하고 그치면 나가는게 좋지 귿이 밖에서 비 맞고 마를 때까지 기다릴 필요 있나?|ㅋ ㅋ 11년도 훅빠진걸가지고 별거  없다하네|유튜브 리딩방까주는남자라고 있는데 작정하고 리딩방 정보 공개 중.!!"
,"주도주를 알려거든 정책을 보라, 주목해야할 정책 이벤트는? / 선택! 오늘의종목 / 한국경제TV",2021. 4. 26.,http://www.youtube.com/watch?v=HndJAMa84v4,"조회수 6,441회",좋아요 180개,싫어요 4개,"박부장님 감사합니다:)|박부장님 항상 감사드립니다^^|염블리님 이후 최애멘토|ㅣ|사진 박 부장님 아닌 줄 😂😆😂|흙 속의 진주, 시황과 트레이닝의 내공을 겸비한 베스트 고수 중의 고수 박선생님"
,변동성 심해진 가상화폐...코인베이스 전망은? / 글로벌금융 투자센터 / 한국경제TV,2021. 4. 26.,http://www.youtube.com/watch?v=HndJAMa84v4,"조회수 1,211회",좋아요 14개,싫어요 2개,
,[미주사한주사]미국 금융주 상승 / 오늘장 관심주 : 아프리카TV / 한국경제TV,2021. 4. 26.,http://www.youtube.com/watch?v=HndJAMa84v4,조회수 751회,좋아요 15개,싫어요 4개,2:33 다은님 미워요~ㅎㅎ 장난이에요 ^^|잘어울려요 ㅋㅋㅋ 앵커가 맥이네|이러니 개콘이 망하지 ㅋㅋ
,"3년래 최고치 기록한 알루미늄, 경기선행지표 구리의 동향은? / THE PULSE  / 한국경제TV",2021. 4. 26.,http://www.youtube.com/watch?v=HndJAMa84v4,"조회수 1,854회",좋아요 73개,싫어요 2개,"화사한 봄패션의 수현님 감사합니다. 즐거운 한 주 되세요~|옷과인물이아주멋짐!|심쿵 이쁘십니다|오타무엇? 경기선행?ㅋ|몸매 짱  김수현이사!!|제목 올릴때 어케 썼나 한번 읽어보지도 않고 그냥 엔터 눌르나보네요 어휴..|심쿵지수 


3억9876만포인트 


돌파"
,[한상춘의 지금세계는] 4월 넷째 주에 불거질 증시 현안 ‘7대 논쟁’…올해 말까지 韓美 주가 흐름 좌우한다. / 한국경제TV,2021. 4. 26.,http://www.youtube.com/watch?v=HndJAMa84v4,"조회수 10,775회",좋아요 200개,싫어요 18개,
,오늘장 놓쳐선 안될 당신이 잠든 사이 일어난 해외이슈 / 출근전 꼭 봐야하는 글로벌 이슈 / 한국경제TV,2021. 4. 26.,http://www.youtube.com/watch?v=HndJAMa84v4,"조회수 85,063회","좋아요 1,990개",싫어요 26개,"5:33 여러분이 찾는거|에구.. 도지코인이 500달러.. 300달러라니요.. ^^; 스크립트 잘못 읽으셨네요..|꺄끄꺄끄|꺄끄~|👍|오늘도 잘 봤습니다~ 오늘따라 뭔가 볼륨이 왤케 작은거같지 내일은 확인한번 부탁드려요~~^^|5:33 꺄끄|16:20 ???|감사합니다!|고마워요!|항상 잘 보고 있습니다 감사합니다 ♡|오늘 하루도 상쾌하게 출발합니다. 영상 잘 봤어요~~^^|깔끔한 설명 감사합니다~~|아무리 그래도 40% 세금은 심하다. 다 온라인 유령회사 만들고 그회사에 슈퍼차를 사라는건지...|16:26 달러가 아니라 원화입니다^^ 항상 잘보고있습니다|감사드려요~^^|지금 50센트도 안되는 도지코인을 280달러라 하시니... 280원을 잘못 예기하신 듯 ㅎ
하여간 오늘도 유익한 방송 감사합니다.~^^|감사합니다.|항상 큰 도움이 되고 있습니다. 감사합니다|도지코인 500달러선이아니고 한화기준500원선입니다 ㅋㅋㅋ500달러면 한화로 50만원이넘는데?...
잘못알아보셨나보냉 ㅠㅠ|좋은 뉴스 감사합니다|매일아침 마다 항상 고맙습니다^^|Actc는 스쿨버스 안만드나요???|누님 어릴때 그림책 스쿨버스 드립 너무 훅들어가니까 남자 캐스터가 당황하네요|앙 꺄끄띠|람뿌좌..그립습니다|이거 금요일 시황인거죠??|감사합니다 흐름을 읽는데 큰 도움이 됩니다|전기버스 actc 프로테라 가쥬아|갑사합니다|썸네일 일론머스크 얼굴만 봐도 웃음벨임ㅋㅋㅋㅋㅋㅋ|항상 굿뉴스 감사합니다 ~|감사합니다|오늘도 좋은뉴스 감사합니다~~~~|한국경제TV 잘보고 있습니다. 앵커님들도 항상 고생많으시구요 ^^
여기저기 보니 리딩방까주는남자, 주식누나, 용느 님 등등 재밌고 유익한방송 하시는분들이
많아서 매일매일 새로운 영상 기다리면서 잘보고 있습니다.|유튜브에  리딩방까주는남자라고 있는데 영상보시고 공감가시는분들 오세요^^ ㅋㅋ|믿고보는 방송 ^^|리딩방 정보 알려주는데 있음!!! 유튜브에 리딩방까주는남자 치고 들어가보셈!!!!!!|좋은 소식은 예수 그리스도를 통해 당신이 구원 받았습니다 당신이있는 곳에서 당신의 마음을 믿기 위해 그를 믿으십시오.
천국에 성경을 읽으십시오 요한 복음 14 : 6, 로마서 10:13, 사도 행전 4:12 구원은 인류를위한 하나님의 선물입니다|오히려 난 shopify가 너무 올라 fiverr가 더 주목중인데"
,[1부] K-컬처의 선도 K-콘텐츠 제작 기업 썸씽스페셜 황진우 대표 / 혁신성장코리아 / 한국경제TV,2021. 4. 24.,http://www.youtube.com/watch?v=HndJAMa84v4,"조회수 6,188회",좋아요 90개,싫어요 10개,
,"[경제전쟁꾼 8회] 달라진 강세장 대응법 중소형주에 답이있다 (이정기, 한병화, 김동환, 박정호, 황현희)",2021. 4. 23.,http://www.youtube.com/watch?v=HndJAMa84v4,"조회수 409,954회","좋아요 5,592개",싫어요 247개,"김프로님 오늘 영상 잘보았습니다 ㅎㅎㅎ천스닥이 되면서 정말 주식시장에 대한 열기가 굉장한데요, 불사조님도 3천코스닥을 이야기하니 저도 계속해서 기회를 가져보고자 노력중입니다 ㅎㅎ 다들 모두가 잘되셔서 부자가 되었으면 좋겠네요 ㅎㅎ|오 지방 건설사 좋네요👍👍 건기식도 관심 섹터입니다~ 감사해요|진짜 이 섹소폰 재즈 음악 누가 선정했냐..진짜 감각없음 음악깔지마요|김프로님 ᆢ삼프로에서 보는것 보다
더 멋있게 나오시네요 ᆢ~^^
항상  멋진모습 기대하겠습니다|진행 너무 잘하세요~^^ 전문가들도 좋은 정보 감사합니다|끝내준다 콸러티!|박정호교수님~다욧하시나바영~~ㅎ|잼있어용~~ ㅎㅎ|유익한 정보 감사함니다|1시간 너무 짧다|좋은영상감사합니다|예전과는 다른 개인투자자들 공부 많이 합니다...정보가 넘쳐나는 시대 .|정말 김프로님 진행 너무 잘하십니다|기관, 외국인 개미 돈 먹기 위해 꼼수|김프로님 너무 재밌으셔요~~|김프로님 오늘 착장 멋지십니다. 젠틀김!! 댓글 먼저 달고 봅니다~|사회  진짜
잘 보십니다
감사합니다|유익한방송. 감사합니다꾸벅|한병화 이사님 최고다|바이오주 실적도 없는데
100원이넘고 왠만하면50만원넝는데
바이오살수이사요?|우리나라 넘저평가죠?|잘보고 갑니다^^|두루뭉실 말하지 말고..
주린이들을 위해..
당신들만 알지말고 정확한 종목!!
공부 좀 해보게 주세요!!|김프로님은 경제방송의 유재석!! 진짜 최고 진행자.너무 편하게 듣고 있어요.사랑합니다❤|정말 유쾌하게 잘 봤습니다~
유익하면서도 즐거운 방송~ 너무 좋네요~
감사합니다~~ 😊👍👍👏👏👏👏👏👏|정기형님 화이팅!!! 신사에이스 화이팅 👏|알차고도 무겁지않아 좋네요~
코스닥이 주제이지만 코스피까지 정리되는 느낌 입니다~다음시간도 기대합니다~^^|이정기팀장님 제 최애십니다 ㅎㅎ 스몰캡황제!!|워낙 우리나라 코스닥은 저평가 되어있어서 20년만에 천이라는게 말인가...|5월 공매도 먼저 맞을 애들은 코스닥일거 같은데|여기서 좋다고 하는건 진짜 마니 빠지네요ㅠㅠㅠ|신용이잠잠하다니 무슨
말씀 2.8조가 넘엏는데
증권사 신용 주지말라|진행자의 능력이 너무 좋아요|너무 흥미롭고 유익했어요.
김소장님외 네분 감사합니다 🙏 💕|진짜 완벽한 꾼들만 모였다~~
좋은 시간이었습니다 
고맙습니다^^|정말 정말 잘 한다. 전문공중파 방송사보다도 훨씬 낳다. 감사합니다. 부디 지속적인 프로그램이 되길 바랍니다.|김프로님은 공중파로 모셔야|김프로님 진행이 점점 좋아집니다.|36:37 NY|깅프로님 사회 최고♡"
,"미국에서 매출 증가, 자율주행 트랙터 기업 / 퇴근길 꼭 봐야할 내일장 공략주 /  성공투자 오후증시 / 한국경제TV",2021. 4. 23.,http://www.youtube.com/watch?v=HndJAMa84v4,"조회수 10,581회",좋아요 182개,싫어요 6개,"왜 급등한것만 추천하지. 25000원짜리인데 3만원에 사라니...|5월부터 시작될 공매도에 대한

 걱정을 하시는 주식투자자분들에게

 조금이나마 도움이 되었으면...

하는 바램입니다.


☆ 내 주식을 공매도에 이용되지 않게 하는 방법

*삼성증권
​
메뉴-뱅킹대출-대여-대여거래신청/해지
​
위에처럼 대여거래등록여부 미등록되어 있으면 OK
​
신청 되어 있을시 해제
​
​
*KB증권
​
뱅킹/대출-대여-주식/해지
​
​
*대신증권
​
온라인지점-대차중개서비스-주식대여 서비스 신청/해지
​
​
*한화증권
​
MRS : 왼쪽 하단에 '주식'-계좌잔고-주식대차거래-대차거래 신청/해지-비번 넣고 약정여부 조회/변경
​
​
*한국투자증권
​
HTS에서 메뉴상단에 인터넷뱅킹-신용/대출/대여약정신청/해지/변경에서 가능
​
​
*나무증권
​
메뉴-계좌/이체/청약/대출-대출/신용-대여풀서비스신청에서 해지
​
*키움증권
​
영웅문 화면 상단에 '주식대여'-[1658] 대여계좌 신청/해지-대여계좌 해지
​
*NH투자증권
​
HOME버튼-왼쪽하던 전체메뉴 클릭-우측상단 계좌/이체청약/대출클릭-좌측 대출/신용 클릭-대여풀서비스 신청/내역-미신청이면 완료
​
*미래에셋증권
​
뱅킹/자산-주식대여-대여 신청/해지-등록되어 있으면 해지
​
*하나대투
​
1.HTS : 왼쪽 상단에 0535입력-비번 넣고 조회 누르면 계좌 나오고 약정 여버 조회/변경가능
​
2.MTS : 왼쪽 하단에 '주식' 누르고 -메뉴 검색에서 '대차'라고 입력하면 검색-비번넣고 약정 여부 조회/변경
​
​
​
전화로 대차해지 요청시
​
​
​
동부증권 : 1588-4200
​
미래에셋 : 1588-9200
​
교보증권 : 1544-0900
​
신한증권 : 1588-0365
​
대신증권 : 1588-4488
​
신흥증권 : 080-7733-080
​
우리투자증권 : 1544-0000
​
유화증권 : 02-566-5522
​
이트레이드증권 : 1588-2428
​
키움증권 : 1544-9000
​
하나대투증권 : 1588-3111
​
한국투자증권 : 1544-5000
​
한양증권 : 1588-2145
​
대우증권 : 1588-3322
​
유안타증권 : 1588-2600
​
리딩투자증권 : 02-2009-7004
​
부국증권 : 1588-7744
​
골든브릿지투자증권 : 1566-0900
​
삼성증권 : 1588-2323
​
신영증권 : 1588-8588
​
CJ투자증권 : 1588-7171
​
HMC투자증권 : 1588-6655
​
KGI증권 : 02-3770-9200
​
KB투자증권 : 1599-7000
​
한화증권 : 1544-8282
​
현대차증권 : 1588-6611
​~~~~~~~~~~~~~~~~~~~~~~~~

공매도에 대해서 잘 모르시는분들을 위해
여기서 참고하시면 도움이 되실겁니다.
http://m.site.naver.com/0KvJk"
,"美 자본이득세, 투자자 영향은 어느정도? / 오기석의 미리보는 글로벌 이슈 / 성공투자 오후증시 / 한국경제TV",2021. 4. 23.,http://www.youtube.com/watch?v=HndJAMa84v4,"조회수 2,393회",좋아요 36개,싫어요 2개,"청와대 청원사이트 벡신접종증명 디지털신분증(통칭:  벡신여권) 제도 도입반대 청원 부탁합니다.신체의 자유,거주이동 자유 없다면 더이상 인간이 아닙니다.백신접종은 개인의 선택사항입니다 
https://www1.president.go.kr/petitions/597430

벡신접종 디지털신분증 제도 시행하면 점차 확대 시행해서 관공서, 병원, 대중교통, 쇼핑센터,  체육시설, 학원ㆍ학교ㆍ식당 등등 사람들 많이 가는  시설은 벡신 접종자만 입장 허용할 가능성 대단히 높습니다......,.......................,.....,."
,10분 안에 당신을 사로잡을 종목! 엘비세미콘 VS 삼강엠앤티/윤여민의 뜨거운10분/트레이딩핫타임/한국경제TV,2021. 4. 23.,http://www.youtube.com/watch?v=HndJAMa84v4,"조회수 13,304회",좋아요 220개,싫어요 4개,"엘비세미콘 좋네요|주식투자 마인드편 봐주세요 이즈리나|엘비세미콘 삼강엠앤티 둘다 보유자는 대박날듯요|1.중국인의 국내 부동산 매입과 대출이 자유로워 대림동을 필두로 강원도까지 차이나타운이 만들어지고있다 2.국내 대학 외국인 비율 60%이상이 중국인이며 대학 입학때 장학금, 기숙사 및 각종 특혜 지원 3.중국은 한국기업,게임,미디어 규제하지만 중국기업,게임 미디어,대깨문거짓선동댓글등 국내활동이 자유로움 4.중국은 김치,역사왜곡,한복등 한국공정을 중국공산당에서 밀어 붙이지만 한국정부는 이를 방치하는 상태|유튜브 리딩방까주는남자라고 있는데 작정하고 리딩방 정보 공개 중.!! ㅋㅋㅋ|5월부터 시작될 공매도에 대한

 걱정을 하시는 주식투자자분들에게

 조금이나마 도움이 되었으면...

하는 바램입니다.


☆ 내 주식을 공매도에 이용되지 않게 하는 방법

*삼성증권
​
메뉴-뱅킹대출-대여-대여거래신청/해지
​
위에처럼 대여거래등록여부 미등록되어 있으면 OK
​
신청 되어 있을시 해제
​
​
*KB증권
​
뱅킹/대출-대여-주식/해지
​
​
*대신증권
​
온라인지점-대차중개서비스-주식대여 서비스 신청/해지
​
​
*한화증권
​
MRS : 왼쪽 하단에 '주식'-계좌잔고-주식대차거래-대차거래 신청/해지-비번 넣고 약정여부 조회/변경
​
​
*한국투자증권
​
HTS에서 메뉴상단에 인터넷뱅킹-신용/대출/대여약정신청/해지/변경에서 가능
​
​
*나무증권
​
메뉴-계좌/이체/청약/대출-대출/신용-대여풀서비스신청에서 해지
​
*키움증권
​
영웅문 화면 상단에 '주식대여'-[1658] 대여계좌 신청/해지-대여계좌 해지
​
*NH투자증권
​
HOME버튼-왼쪽하던 전체메뉴 클릭-우측상단 계좌/이체청약/대출클릭-좌측 대출/신용 클릭-대여풀서비스 신청/내역-미신청이면 완료
​
*미래에셋증권
​
뱅킹/자산-주식대여-대여 신청/해지-등록되어 있으면 해지
​
*하나대투
​
1.HTS : 왼쪽 상단에 0535입력-비번 넣고 조회 누르면 계좌 나오고 약정 여버 조회/변경가능
​
2.MTS : 왼쪽 하단에 '주식' 누르고 -메뉴 검색에서 '대차'라고 입력하면 검색-비번넣고 약정 여부 조회/변경
​
​
​
전화로 대차해지 요청시
​
​
​
동부증권 : 1588-4200
​
미래에셋 : 1588-9200
​
교보증권 : 1544-0900
​
신한증권 : 1588-0365
​
대신증권 : 1588-4488
​
신흥증권 : 080-7733-080
​
우리투자증권 : 1544-0000
​
유화증권 : 02-566-5522
​
이트레이드증권 : 1588-2428
​
키움증권 : 1544-9000
​
하나대투증권 : 1588-3111
​
한국투자증권 : 1544-5000
​
한양증권 : 1588-2145
​
대우증권 : 1588-3322
​
유안타증권 : 1588-2600
​
리딩투자증권 : 02-2009-7004
​
부국증권 : 1588-7744
​
골든브릿지투자증권 : 1566-0900
​
삼성증권 : 1588-2323
​
신영증권 : 1588-8588
​
CJ투자증권 : 1588-7171
​
HMC투자증권 : 1588-6655
​
KGI증권 : 02-3770-9200
​
KB투자증권 : 1599-7000
​
한화증권 : 1544-8282
​
현대차증권 : 1588-6611
​~~~~~~~~~~~~~~~~~~~~~~~~

공매도에 대해서 잘 모르시는분들을 위해
여기서 참고하시면 도움이 되실겁니다.
http://m.site.naver.com/0KvJk"
,벤처투자 업계 큰형님이 말하는 쿠팡 다음 타깃 이 기업에 주목하라/윤종연의 핫소스/트레이딩핫타임/한국경제TV,2021. 4. 23.,http://www.youtube.com/watch?v=HndJAMa84v4,"조회수 3,177회",좋아요 38개,싫어요 6개,"유튜브 리딩방까주는남자라고 있는데 작정하고 리딩방 정보 공개 중.!! ㅋㅋㅋ|1.중국인의 국내 부동산 매입과 대출이 자유로워 대림동을 필두로 강원도까지 차이나타운이 만들어지고있다 2.국내 대학 외국인 비율 60%이상이 중국인이며 대학 입학때 장학금, 기숙사 및 각종 특혜 지원 3.중국은 한국기업,게임,미디어 규제하지만 중국기업,게임 미디어,대깨문거짓선동댓글등 국내활동이 자유로움 4.중국은 김치,역사왜곡,한복등 한국공정을 중국공산당에서 밀어 붙이지만 한국정부는 이를 방치하는 상태|5월부터 시작될 공매도에 대한

 걱정을 하시는 주식투자자분들에게

 조금이나마 도움이 되었으면...

하는 바램입니다.


☆ 내 주식을 공매도에 이용되지 않게 하는 방법

*삼성증권
​
메뉴-뱅킹대출-대여-대여거래신청/해지
​
위에처럼 대여거래등록여부 미등록되어 있으면 OK
​
신청 되어 있을시 해제
​
​
*KB증권
​
뱅킹/대출-대여-주식/해지
​
​
*대신증권
​
온라인지점-대차중개서비스-주식대여 서비스 신청/해지
​
​
*한화증권
​
MRS : 왼쪽 하단에 '주식'-계좌잔고-주식대차거래-대차거래 신청/해지-비번 넣고 약정여부 조회/변경
​
​
*한국투자증권
​
HTS에서 메뉴상단에 인터넷뱅킹-신용/대출/대여약정신청/해지/변경에서 가능
​
​
*나무증권
​
메뉴-계좌/이체/청약/대출-대출/신용-대여풀서비스신청에서 해지
​
*키움증권
​
영웅문 화면 상단에 '주식대여'-[1658] 대여계좌 신청/해지-대여계좌 해지
​
*NH투자증권
​
HOME버튼-왼쪽하던 전체메뉴 클릭-우측상단 계좌/이체청약/대출클릭-좌측 대출/신용 클릭-대여풀서비스 신청/내역-미신청이면 완료
​
*미래에셋증권
​
뱅킹/자산-주식대여-대여 신청/해지-등록되어 있으면 해지
​
*하나대투
​
1.HTS : 왼쪽 상단에 0535입력-비번 넣고 조회 누르면 계좌 나오고 약정 여버 조회/변경가능
​
2.MTS : 왼쪽 하단에 '주식' 누르고 -메뉴 검색에서 '대차'라고 입력하면 검색-비번넣고 약정 여부 조회/변경
​
​
​
전화로 대차해지 요청시
​
​
​
동부증권 : 1588-4200
​
미래에셋 : 1588-9200
​
교보증권 : 1544-0900
​
신한증권 : 1588-0365
​
대신증권 : 1588-4488
​
신흥증권 : 080-7733-080
​
우리투자증권 : 1544-0000
​
유화증권 : 02-566-5522
​
이트레이드증권 : 1588-2428
​
키움증권 : 1544-9000
​
하나대투증권 : 1588-3111
​
한국투자증권 : 1544-5000
​
한양증권 : 1588-2145
​
대우증권 : 1588-3322
​
유안타증권 : 1588-2600
​
리딩투자증권 : 02-2009-7004
​
부국증권 : 1588-7744
​
골든브릿지투자증권 : 1566-0900
​
삼성증권 : 1588-2323
​
신영증권 : 1588-8588
​
CJ투자증권 : 1588-7171
​
HMC투자증권 : 1588-6655
​
KGI증권 : 02-3770-9200
​
KB투자증권 : 1599-7000
​
한화증권 : 1544-8282
​
현대차증권 : 1588-6611
​~~~~~~~~~~~~~~~~~~~~~~~~

공매도에 대해서 잘 모르시는분들을 위해
여기서 참고하시면 도움이 되실겁니다.
http://m.site.naver.com/0KvJk"
,오늘장 한 장으로 끝내는 도이치모터스/이상로의 빨간주식/트레이딩핫타임/한국경제TV,2021. 4. 23.,http://www.youtube.com/watch?v=HndJAMa84v4,"조회수 1,651회",좋아요 19개,싫어요 1개,
,저평가된 가전주 '위니아딤채'/앵커의 눈/최성민의 빅샷/한국경제TV,2021. 4. 23.,http://www.youtube.com/watch?v=HndJAMa84v4,"조회수 2,763회",좋아요 69개,싫어요 5개,"2일 후에 사면 될듯.|김치 냉장고 화제 사고가 많아서..... 리콜 ㅠㅠ|. 분석도 아니지.. 사업내용 정도만 말하고 읊고 오르면 내탓 내리면 니탓 무책임의 끝
한경 반성좀해라|이미다 오른거같은데... 지금은 13배임"
,반도체주 옥석가리기/기관의 눈/최성민의 빅샷/한국경제TV,2021. 4. 23.,http://www.youtube.com/watch?v=HndJAMa84v4,"조회수 19,815회",좋아요 404개,싫어요 22개,"뭔소리하는건지 참 ...|감사합니다|정말 시원한 답변에 성함 검색해 다른 영상도 찾아봤습니다. 삼전과 닉스 비중이 큰데 정보 감사합니다.|다 아는 사실...시간 아까워요..|항상  좋은 내용  잘 보고있습니다  항상 건강하시고  앞으로도  기대합니다♡♡♡|중국이 반도체를 따라올것이라고 봅니다 우리한국이 그랬던것처럼. 긴장의 끈을 놓지말아야 할듯합니다.|최성민 빅샷  화이팅|송명섭 연구위원은 좀 능력이 부족한것 같습니다|개과틀은
왜자꾸
이랬다저랬다
말바꾸기선수냐
에널리스트랑 한패인건알지만..
기레기들 짱나다ㅎㅎ|유튜브 리딩방까주는남자라고 있는데 작정하고 리딩방 정보 공개 중.!!"
,바이든표 통큰 예산안 미국 자본이득세 인상 저소득층 위한 복지정책일 뿐(김일구),2021. 4. 23.,http://www.youtube.com/watch?v=HndJAMa84v4,"조회수 27,135회",좋아요 521개,싫어요 17개,"믿고 보는 김일구 상무님|만기없는 가계부채 계획세우고 수출무역 계획 세워야합니다|믿고 보는 갓일구님, 엄지척 조아요 먼저 합니다|쫄지 말자 박숙형!!!
감사합니다~|김일구 상무님. 감사합니다 🙏 💕 😊|정말 김상무님 말대로 정책전환에 의해
인플레가 올지.
흥미진진하게 바라봅니다.|갓일구|600저거
50|.ㅈㅇㅇㅈ|모르는 부분을 모른다고 말씀하시니 더욱 믿음이 갑니다.|모르는것은  잘 모른다고
단번에  말씀하시는 모습 
존경합니다|파이를 키우면서 소득을 재분배한다고 하시는 말씀이 제 생각과 일치 하네요 단기 이슈라는 생각도 동일하구요 그래서 어제 종가에 레버리지 ETF 몇 주 줍줍했습니다.|청와대 청원사이트 벡신접종증명 디지털신분증(통칭:  벡신여권) 제도 도입반대 청원 부탁합니다.신체의 자유,거주이동 자유 없다면 더이상 인간이 아닙니다.백신접종은 개인의 선택사항입니다 
https://www1.president.go.kr/petitions/597430

벡신접종 디지털신분증 제도 시행하면 점차 확대 시행해서 관공서, 병원, 대중교통, 쇼핑센터,  체육시설, 학원ㆍ학교ㆍ식당 등등 사람들 많이 가는  시설은 벡신 접종자만 입장 허용할 가능성 대단히 높습니다......,.......................,.|A|아니 패널 불러놓고 자기 오피니언 주구장창 늘어놓고 사족자꾸다네... 이럴바에 왜 부르는겁니까?? 진행만 하세요.. 말 많이 하고 싶으면 타프로그램 패널로 참가하거나|유튜브 리딩방까주는남자라고 있는데 작정하고 리딩방 정보 공개 중.!! ㅋㅋㅋ"
,[글로벌사인즈] 미 의학 박사가 전망하는 코로나 확산과 코로나 후의 세상/ 오간 구렐 FLITE 머터리얼 사이언스 코퍼레이션 CSO  / 한국경제TV,2021. 4. 23.,http://www.youtube.com/watch?v=HndJAMa84v4,"조회수 2,650회",좋아요 30개,싫어요 4개,"1. 종부세 폐지. 부동산 금융 포함 개인자산 전체 대상 일정 기준 이상 부자세 신설
2. 종부세 유지한다면 1주택자 또는 무주택 호화전세는 20억, 다주택자는 15억(인별 9억) 기준
3. 양도세 인하
4. 민간재건축 규제 완화
5. 부정부패비리 발본색원
6. 공직자 솔선수범
7. 토지세 신설 공공개발 재원 마련 
8. 공공 민간 투트랙 공급
9. 싱가포르 공공: 민간 9:1 참조. 민간주택 자율화 부여. 고품질 고가 주택시장 허용"
,수익률 상위 1% 주식 초고수 오늘은 어떤 종목을 사고 있을까? / 한국경제TV / 증시라인,2021. 4. 23.,http://www.youtube.com/watch?v=HndJAMa84v4,"조회수 6,878회",좋아요 76개,싫어요 3개,"감사합니다|좋은정보 감사합니다|[강추] 핸드폰 무료 채굴 코인 : 파이(Pi), 비(bee), 이글(eagle) 코인(추천인 : kitetail)
플레이스토어 소셜 부문 앱 순위 : 1위 Pi Network
하루에 한번만 눌러주면 됩니다. 핸드폰 리소스 X
지금도 늦지 않았습니다. 같이 채굴 해요.|유튜브에  리딩방까주는남자 라고 있는데 영상보시고 공감가시는분들 오세요^^ ㅋ|유튜브 리딩방까주는남자라고 있는데 작정하고 리딩방 정보 공개 중.!! ㅋㅋㅋㅋ|유튜브에  리딩방까주는남자라고 있는데 영상보시고 공감가시는분들 오세요^^|주식시장에서 정말 계속 주목받는 업종이 철강부분이 맞긴한가봐요 ㅎㅎ 쉼없이 올라가더라구요 ㅎㅎ 불사조님도 철강에 대해서 긍정적으로 말씀해주셨는데, 조금밖에 사지 못해서 너무나 아깝습니다 ㅜ.ㅜ ㅎㅎㅎ 영상 잘 보고갑니당~~|유튜브에  리딩방까주는남자라고 있는데 작정하고 리딩방 수익 공개하고 있음.|호구들이 많으면 많을수록
 돈따기 쉽다 
전부 다 잘하면 대가리 박터진다 
갈키 주지마라~!!"
,반도체 후공정 관련주 네패스 / 한국경제TV / 증시라인,2021. 4. 23.,http://www.youtube.com/watch?v=HndJAMa84v4,"조회수 16,514회",좋아요 318개,싫어요 9개,유튜브 리딩방까주는남자라고 있는데 작정하고 리딩방 정보 공개 중.!! ㅋㅋㅋㅋ
,0423  놓쳐선 안 될 '30초 투자뉴스' 2,2021. 4. 23.,http://www.youtube.com/watch?v=HndJAMa84v4,조회수 989회,좋아요 17개,싫어요 1개,
,0423 놓쳐선 안 될 '30초 투자뉴스' 1,2021. 4. 23.,http://www.youtube.com/watch?v=HndJAMa84v4,"조회수 1,031회",좋아요 14개,싫어요 없음,
,상상인그룹 내부 매도·이재명 테마주로 급등...일련의 과정에 의문 / 공진단 / 한국경제TV,2021. 4. 23.,http://www.youtube.com/watch?v=HndJAMa84v4,"조회수 1,654회",좋아요 16개,싫어요 3개,상상인은 조국 사모펀드에 타격입은 회사인걸로 아는데..
,같은 지배구조·정채주에도 주목 할 종목 따로있다 / 이승조의 진짜전략 / 한국경제TV,2021. 4. 23.,http://www.youtube.com/watch?v=HndJAMa84v4,"조회수 84,764회","좋아요 1,810개",싫어요 64개,"아침에듣고 또 틀어요 항상 건강 하세요|최고의 실력자이십니다 감사합니다|2달주린이지만, 이분이 제일  크게 볼수잇게 알려주시는 최고의 분석가!   존경스럽네요|들을때마다 귀에 쏙쏙 들어와서 참 좋습니다.
처음에는 뭔내용인지 몰랐는대 이제는 조금이나마 이해할정도입니다
항상 감사드립니다|통찰력과 분석실력에 박수가 절로나옴👍|마니  기다렸어요  무극 선생님  화이팅|전문가님 감사합니다|감사합니다 ~ 무극선생님~|정말 대단한 통찰력 입니다
항상감사합니다|무극 선생님 영상 고맙습니다.|무극쌤님 
기다리는 영상입니다|현대로템   지멘스에  매각 등  등   앞으로  방향성  궁금합니다|무극선생님   전략을 지표로 삼고 있습니다
항상 감사하게 시청 하고 있습니다^~^|대표님 감사합니다|감사합니다|좋아요~~|감사합니다 ^^|선생님 보러왔어요.항상 감사합니다|거버넌스, 에너지, 대주주의 탐욕 선생님 나오셨네요 ㅎㅎㅎ 거버번스, 에너지, 대주주의 탐욕 단어 상당히 좋아 하시는 듯 ㅎㅎㅎ|선생님  감사합니다
바쁘시시지만  프리티님 방에서도 뵙고 싶습니다..^^|신급이여...소름 돋아요!!|무극선생님 감사합니다|이대표님 
감사합니다 
👍👍👍👍👍|유튜브 리딩방까주는남자라고 있는데 작정하고 리딩방 정보 공개 중.!! ㅋㅋㅋ|무극선생님 감사합니다.|감사합니다. 이승조 선생님만 기다립니다.
어제 기아 매수 했는데...ㅠㅠ|주말에 또 봐요|무극선생님 최고이십니다!|그냥, 쌍용C&E 매수하면 됩니다.|감사합니다|감사합니다^^|이승조샘 
최고😘😘|선생님~
잘 듣고 갑니다~^^|감사합니다|이대표님!!!! 앞으로도잘부탁드립니다ㆍ감사합니다|감사 합니다|안녕하세요 영상 잘 보았습니다 ㅎㅎ 그런데 유튜브 제목에 '정채주'라고 써있는데, '정책주'라고 오타 수정하면 좋을 것 같네요 ㅎㅎ 앞으로 대선이 얼마 안남은 상황에서 저도 정책주와 인맥주를 찾아보고있는데, 불사조님 영상이후로 여러가지 인사이트적인 종목공개하시는 분이 여기 계셨네요 ㅎㅎㅎ종목들 관심종목에 넣어두고 지켜볼께요~! 감사합니다 ㅎㅎㅎ|이승조 대표님, 진짜 머릿속에 정리 쏙쏙 되게 정리 잘 해주시네요. 건설주 , 자동차주 종목보니까 불사조 티비에서 보던 종목들도 있네요 ~ , 역쉬. 실력있는 전문가님들께서 중복적으로 짚어주시니. 뭘 해야할지 딱 감이 옵니다.^^|이승조 대표님 고맙습니다|삼성그룹주 그래서 뭘 봐야된다는건지 너무 두리뭉실합니다."
,[유동원의 글로벌 포트폴리오]골디락스 구간 가장 중요한 것은 수익성!,2021. 4. 23.,http://www.youtube.com/watch?v=HndJAMa84v4,"조회수 8,903회",좋아요 261개,싫어요 9개,"감사합니다 갓 동원 !|♡♡♡|갓-동-원!|킹동원   나스닥선물투자로 대박터졌습니다 감사 감사|유튜브 리딩방까주는남자라고 있는데 작정하고 리딩방 정보 공개 중.!! ㅋㅋㅋㅋ|미국 주식 전부 다 사라고???
이런 추천은 나두 하겠네.."
,"[한상춘의 지금 세계는]'폭탄 돌리기'로 연명하는 3대 시장...한 도지코인과 우선주, 미 임대주택 앞날은?/한국경제TV",2021. 4. 23.,http://www.youtube.com/watch?v=HndJAMa84v4,"조회수 36,932회",좋아요 563개,싫어요 50개,
,[미주사한주사]오늘장 알아야할 실적발표 미국기업 / 오늘장 관심주 : 하나기술 / 한국경제TV,2021. 4. 23.,http://www.youtube.com/watch?v=HndJAMa84v4,"조회수 1,486회",좋아요 35개,싫어요 3개,업로드 시간이 늦고 들쑥 날쑥|다은이 행님 오늘 한마리의 병아리 같습니다|이사람 실력 없어
,오늘장 놓쳐선 안될 당신이 잠든 사이 일어난 해외이슈7 / 출근전 꼭 봐야하는 글로벌 이슈 / 한국경제TV,2021. 4. 23.,http://www.youtube.com/watch?v=HndJAMa84v4,"조회수 88,089회","좋아요 2,036개",싫어요 47개,"6:07 꺆끄 누나 ♡|좋은 방송 감사드립니다|오늘도 너무 잘했어|꺄끄 ~~|오늘도 멋진방송 멋진 크루들 ~~🙃|길 잃은 시바견... ㅋㅋㅋㅋㅋㅋㅋㅋㅋ|미국 고소득이득세 오르는게  울나라 증시에도 영향이있는건가요?|Sbs 비즈보다 한국경제티비가 훨나아요~
앵커진행이나 리포터들도. 내용도 그렇고|오늘도 잘봤습니데이~|감사합니다|감사드립니다|좋은방송 감사합니다|좋은 정보  감사합니다  좋은하루되세요|유용하게 잘 듣고있습니다|오늘도 좋은뉴스 감사합니다!!|미운 증세.. 이번 한 주도 수고 많이 하셨습니다~ 즐거운 주말 되세요|좋은 뉴스 감사합니다. 한주 수고하셨습니다. 주말 잘 쉬시고요.|바이든 ㅅㅂㄹㅁ|아침마다 감사합니다. 항상 운전 중이라 댓글 못남겼는데 오늘은 버스타서 댓글 달아요!|👍|꺄끄!!|고마워요오오|오늘장 마감시황 전해드렸습니다아~|아침부터 정리된 뉴스로 너무나 감사합니다 ^^~~ 개인적으로 코스피와 코스닥 시황은 불사조님 영상을 참고하는데,  오전에는 한국경제tv가 정리가 잘 된 것 같네요 ㅎㅎ 감사합니다|14:22 오른쪽 강다은 캐스터님 ㅋㅋ|땡    큐|6:07 꺅|고맙습니다~|오늘도 파이팅~^^|다은씨 귀엽네~^-^ ㅎㅎㅎ 입삐죽 내민것 잡혔어요 ㅎㅎㅎ|좋네요|증세로 테이퍼링 시작하는거네|아침마다 매번 고맙습니다^^|2030까지 휘발유가 필요없는 배, 비행기를 만든다는건가?|돈나무 결국 테슬라 팔았네 ㅋㅋ 보유량 더 늘릴거라면서 주둥이 털더니 ㅋㅋ|아침마다 정보를 여기서 봐야겠네요|7|[[[ 방사능 오염수 무단 방류국가 일본 ]]] 방사능 오염수를 태평양에 버리는 일본은 대한민국의 적국이다. 전세계의 적국이다. 스가를 비롯한 일본은 방사능 오염수로 포카리스웨트를 만들어 마셔야한다|박고운 아나운서! 엘레강스|치매 바이든"
,"20회, 기업가정신을 말하다",2021. 4. 22.,http://www.youtube.com/watch?v=HndJAMa84v4,"조회수 1,808회",좋아요 17개,싫어요 1개,팔방미인  '이승아 아나운서' 께서 기업 탐방을 해 주시니 다소 딱딱할 수 있는 내용이 훨씬 부드럽고 재미 있네요 !!
,삼성전자 터치패널 이 기업에서 공급! / 퇴근길 꼭 봐야할 내일장 공략주 /  성공투자 오후증시 / 한국경제TV,2021. 4. 22.,http://www.youtube.com/watch?v=HndJAMa84v4,"조회수 27,841회",좋아요 391개,싫어요 7개,"슬슬뒷북치는넘들이 보이기시작|공급은 사실 무근이라고 방표나지 않았나요????|감사드립니다|감사합니다|◆ 삼성전자(우): 강력 매수 신호 4가지? 매수 적기

보통주와 갭 줄이려, 우선주 급등 시점
: 우선주 매수 유리!
삼전(우): 공매도 제외
: 우선주 공매도 염려 없어 상승 유리!

1. D램 슈퍼 사이클 도래
: 향후 3년간 반도체 실적 호황기
최근 D램값 70% 급등으로, 
실적 급증+주가 상승 당연지사!

2. 파운드리(위탁생산): 역대 최고 실적 전망!
올해 20조 이상: 3년전 11조 대비, 100% 성장 전망
특히, 인텔 물량수주로 대박
: 실적과 주가 급등 요인!

3. 스마트폰 최고 실적 전망
: 스마트 3억대 판매 목표!
폴더블 스마트폰: 高價로, 실적증가에 큰 보탬 될 것

4. 삼전(우): 배당 증가 4%: 현금 보유액 110조 이상+향후 3년 실적 급증
향후 주가 급등과 배당 증가 전망
: 매수 이유 충분!

◆ 삼성전자(우): 보통주 보다 주가 저렴, 우선주가 배당 15% 더 많아 유리
시스템반도체 성장성 매우 커, 2년내 20만원 전망
-->매수 기회"
,전문가 20인의 선택! 퇴근길 종목구조대 / 퇴근길 꼭 봐야할 내일장 공략주 / 성공투자 오후증시 / 한국경제TV,2021. 4. 22.,http://www.youtube.com/watch?v=HndJAMa84v4,"조회수 8,653회",좋아요 148개,싫어요 3개,"감사합니다|어머나 옛날 스무살때 명동1가에 금강제화 건너편 대신증권이 있었는데|에이스테크 가을겨울되야
기다릴수 있으면|유튜브 리딩방까주는남자라고 있는데 작정하고 리딩방 정보 공개 중.!! ㅋㅋㅋㅋ"
,2·3분기 투자전략 주도주 없는 시장 ○○ 컨셉으로 접근하자(신중호)/ 주식경제 이슈분석 / 한국경제TV,2021. 4. 22.,http://www.youtube.com/watch?v=HndJAMa84v4,"조회수 5,937회",좋아요 121개,싫어요 5개,잘 들었어요 감사합니다|좋은정보 감사합니다|아직도 공매도 땜에 주가 떨어지는 줄 아는 사람이 있네 ㅉㅉㅉ|유튜브 리딩방까주는남자라고 있는데 작정하고 리딩방 정보 공개 중.!!|유동성 유동성 고평가 고평가 그러는데 과거보다 개인투자자들이 주식시장에 참여하고 그로인해 좋은 기업은 주가가 올라가는거아닌가? 그럼 미국시장은 전부다 유동성으로인한 고평가인가..뭐 코에 걸면 코걸이 귀에 걸면 귀걸이.. 전문가랍시고 뭐라뭐라하는데 작년 3월에 뭐라말했는지 궁금하네
,구리에 집중하자 '차세대 석유'? 미래가 기대되는 원자재(최진영)/ 주식경제 이슈분석 / 한국경제TV,2021. 4. 22.,http://www.youtube.com/watch?v=HndJAMa84v4,"조회수 11,671회",좋아요 205개,싫어요 6개,설명 감사합니다|설명을 잘 하시는거 같네요|유튜브 리딩방까주는남자라고 있는데 작정하고 리딩방 정보 공개 중.!! ㅋ
,"19회, 기업가정신을 말하다",2021. 4. 22.,http://www.youtube.com/watch?v=HndJAMa84v4,조회수 633회,좋아요 4개,싫어요 없음,유튜브 리딩방까주는남자라고 있는데 작정하고 리딩방 정보 공개 중.!! ㅋ
,"18회, 기업가정신을 말하다",2021. 4. 22.,http://www.youtube.com/watch?v=HndJAMa84v4,조회수 570회,좋아요 9개,싫어요 1개,화이팅 이랑텍~~~
,10분 안에 당신을 사로잡을 종목! 한솔제지 VS 한창제지/김형철의 뜨거운10분/트레이딩핫타임/한국경제TV,2021. 4. 22.,http://www.youtube.com/watch?v=HndJAMa84v4,"조회수 3,313회",좋아요 47개,싫어요 2개,"김형철대표님~♡
우량주 발굴의 선구자세요|모두 오를대로 오른걸 가져 오신듯|유튜브 리딩방까주는남자라고 있는데 작정하고 리딩방 정보 공개 중.!! ㅋ"
,오늘장 한 장으로 끝내는 LG디스플레이/이상로의 빨간주식/트레이딩핫타임/한국경제TV,2021. 4. 22.,http://www.youtube.com/watch?v=HndJAMa84v4,"조회수 10,520회",좋아요 164개,싫어요 5개,귀에쏙들어오는 말씀 너무감사합니다!수고하셧습니다~|유튜브 리딩방까주는남자라고 있는데 작정하고 리딩방 정보 공개 중.!! ㅋ
,코스피 연간 목표치 3630P 여전히 가능?/기관의 눈/최성민의 빅샷/한국경제TV,2021. 4. 22.,http://www.youtube.com/watch?v=HndJAMa84v4,"조회수 3,276회",좋아요 85개,싫어요 3개,Почему это у меня в рекомендациях?|왜 한국인이없고 러시아인이 있냐
,"모더나, 국내 기업과 CMO 파트너십 체결?/기관의 눈/최성민의 빅샷/한국경제TV",2021. 4. 22.,http://www.youtube.com/watch?v=HndJAMa84v4,"조회수 62,725회","좋아요 1,174개",싫어요 38개,"생산설비는 빠른시일내에.만들수있음.
Mrna 원료생산과 LNP 기술 유일하게 가지고 있는 국내 업체 한군데
에스티팜! 답나왔네요|LNP 기술,,, 그럼 답 나왔네... 에스티팜|Cmo 에스티팜 기대한다|에스티팜이네|난 이 앵커님 시원시원 언제나 확끈하셔서 찾아다니며 듣고있는 왕펜인데 ㅋ ㅋ|08:40 LNP있는것만으로 정해져있다|에스티팜이네요^^|우리나라에서는 한군데ㅋ 답나왔네요|에스티팜 답나왔네요.  러시아 중국 못믿습니다.

빨리 모더나 위탁이든 자체백신 개발 해주세요.

에스티팜 응원합니다|가장 기다리고있는 영상입니다.감사합니다|원료는 아무나 만드나 ㅋㅋㅋ 제약사의 수주만 봐도 알죠. 한국엔 딱 한 곳에서만 생산하고 납품중.|이게 어느정도 힌트인지 비유하자면.... 우리나라에서 전기차 만들수있고 수소차도 만들수 있는기업이 어디일까요??? 이정도로 힌트주는데요?? ㅎㅎㅎ|답이없고 광범위한답은 필요없다~~~~~~~~~~~~~~~~질문이날카롭지못합니다|1:20|다 자기 주식에 희망을 ,,  ㅋ ㅋ|ㄷ구ㅜ3ㄷㄴ|에스티팜 확실하군요|쎌마테라퓨틱스 여기에 나온지 얼마안되서 관리종목  ㅠ|년 15억  10억  4억  아스트라  화이자    모더나|니들이 전문가면 나도 전문가다.  ㅉㅉㅉ
코로나 5년간다|에스티팜 사야겠다!!|정보 항상감사합니다😍|에스티팜|재료 공급하는건 에스티팜 파미셀 두군데 인데...에스티팜은 기술은 있는데 케파가 딸리고 파미는 뉴클레오시드만 모더나 화이자 공급하고... 한미 녹십자 에스티팜 파미셀 요중에서 나올 가능성이 크네|화끈한게 좋네요.
어딘지 힌트도 주시구요.
감사드립니다.|신라젠이네|Cmo는 희망고문|LNP 기술은 한군 데 밖에 없는디.............. 에스티팜|웃기지마라 지금부터 준비해도 2년은 걸린단다 국민다죽은다음 백신 생산할래?|에스티팜이 답이네요 ~|필피니시 녹십자 완제|ㅎㅎㅎ 그냥 대놓고 에스티팜이라고 말하고있는데요?? ㅋㅋㅋ  mRNA, LNP.. 이거 두개 언급하면 끝난거 아닌가요??|저 앵커 수꼴  느낌 나서 싫다|AA|폐쇄된   공산국가  러시아  가 한  발표를  믿는다구?....그럼   니들이  맞아라 !!!!|얄밉게도 피해가네 고여자 진행자처럼 확ㆍ시원하게 말하지|절대 모더나는 한국과 손? 잡는다? 왜?|리딩방 정보 공유해주는데 찾음 유튜브 리딩방까주는남자 들가보셈!!!!!!!|나이벡도 mRNA 기술을 보유하고있는데...글로벌과 비밀계약을 했다는 기사도 있고..|주식으로. 사기치려고"
,오늘의 태양주 내일도 뜬다! OCI · 한화솔루션 수혜 볼 중소형주/박근형의 종목인사이드/트레이딩핫타임/한국경제TV,2021. 4. 22.,http://www.youtube.com/watch?v=HndJAMa84v4,"조회수 27,721회",좋아요 459개,싫어요 11개,"감사합니다|Gㅇㅇd|해지했어요|늘좋운방송 부탁드려요|5월부터 시작될 공매도에 대한

 걱정을 하시는 주식투자자분들에게

 조금이나마 도움이 되었으면...

하는 바램입니다.


☆ 내 주식을 공매도에 이용되지 않게 하는 방법

*삼성증권
​
메뉴-뱅킹대출-대여-대여거래신청/해지
​
위에처럼 대여거래등록여부 미등록되어 있으면 OK
​
신청 되어 있을시 해제
​
​
*KB증권
​
뱅킹/대출-대여-주식/해지
​
​
*대신증권
​
온라인지점-대차중개서비스-주식대여 서비스 신청/해지
​
​
*한화증권
​
MRS : 왼쪽 하단에 '주식'-계좌잔고-주식대차거래-대차거래 신청/해지-비번 넣고 약정여부 조회/변경
​
​
*한국투자증권
​
HTS에서 메뉴상단에 인터넷뱅킹-신용/대출/대여약정신청/해지/변경에서 가능
​
​
*나무증권
​
메뉴-계좌/이체/청약/대출-대출/신용-대여풀서비스신청에서 해지
​
*키움증권
​
영웅문 화면 상단에 '주식대여'-[1658] 대여계좌 신청/해지-대여계좌 해지
​
*NH투자증권
​
HOME버튼-왼쪽하던 전체메뉴 클릭-우측상단 계좌/이체청약/대출클릭-좌측 대출/신용 클릭-대여풀서비스 신청/내역-미신청이면 완료
​
*미래에셋증권
​
뱅킹/자산-주식대여-대여 신청/해지-등록되어 있으면 해지
​
*하나대투
​
1.HTS : 왼쪽 상단에 0535입력-비번 넣고 조회 누르면 계좌 나오고 약정 여버 조회/변경가능
​
2.MTS : 왼쪽 하단에 '주식' 누르고 -메뉴 검색에서 '대차'라고 입력하면 검색-비번넣고 약정 여부 조회/변경
​
​
​
전화로 대차해지 요청시
​
​
​
동부증권 : 1588-4200
​
미래에셋 : 1588-9200
​
교보증권 : 1544-0900
​
신한증권 : 1588-0365
​
대신증권 : 1588-4488
​
신흥증권 : 080-7733-080
​
우리투자증권 : 1544-0000
​
유화증권 : 02-566-5522
​
이트레이드증권 : 1588-2428
​
키움증권 : 1544-9000
​
하나대투증권 : 1588-3111
​
한국투자증권 : 1544-5000
​
한양증권 : 1588-2145
​
대우증권 : 1588-3322
​
유안타증권 : 1588-2600
​
리딩투자증권 : 02-2009-7004
​
부국증권 : 1588-7744
​
골든브릿지투자증권 : 1566-0900
​
삼성증권 : 1588-2323
​
신영증권 : 1588-8588
​
CJ투자증권 : 1588-7171
​
HMC투자증권 : 1588-6655
​
KGI증권 : 02-3770-9200
​
KB투자증권 : 1599-7000
​
한화증권 : 1544-8282
​
현대차증권 : 1588-6611
​~~~~~~~~~~~~~~~~~~~~~~~~

공매도에 대해서 잘 모르시는분들을 위해
여기서 참고하시면 도움이 되실겁니다.
http://m.site.naver.com/0KvJk|유튜브 리딩방까주는남자라고 있는데 작정하고 리딩방 정보 공개 중.!! ㅋ"
,지금 기업 재고를 주목 해야 하는 이유/앵커의 눈/최성민의 빅샷/한국경제TV,2021. 4. 22.,http://www.youtube.com/watch?v=HndJAMa84v4,"조회수 2,279회",좋아요 78개,싫어요 4개,"좋은영상 감사드립니다 ^^|그럴일  없을듯 하네여.미국에 반대 정책 친중 친북 정책쓰는 문통에게 백신 안 줄듯하니 국민들만 억울하네여. 세계 10대 경제 강국 대한민국인데 돈이 없어 백신 몬 사오나여, 안사오나여!|유튜브 리딩방까주는남자라고 있는데 작정하고 리딩방 정보 공개 중.!! ㅋ"
,0422 놓처선 안될 '30초 투자뉴스'  2,2021. 4. 22.,http://www.youtube.com/watch?v=HndJAMa84v4,조회수 883회,좋아요 18개,싫어요 없음,
,0422 놓쳐선 안될 '30초 투자뉴스' 1,2021. 4. 22.,http://www.youtube.com/watch?v=HndJAMa84v4,조회수 736회,좋아요 7개,싫어요 없음,
,비메모리 반도체 수요 확대 안정적인 성장동력 확보 ISC  / 한국경제TV / 증시라인,2021. 4. 22.,http://www.youtube.com/watch?v=HndJAMa84v4,"조회수 3,849회",좋아요 76개,싫어요 1개,유튜브 리딩방까주는남자라고 있는데 작정하고 리딩방 정보 공개 중.!!
,"종근당, 무허가 물질 첨가로 식약처에 제재 받아 / 공진단 / 한국경제TV",2021. 4. 22.,http://www.youtube.com/watch?v=HndJAMa84v4,"조회수 1,520회",좋아요 16개,싫어요 없음,갑질하던 대표  회사
,"코로나 재확산 vs 코인 조정, 증시는 어디로? / 이진우의 진짜전략 / 한국경제TV",2021. 4. 22.,http://www.youtube.com/watch?v=HndJAMa84v4,"조회수 9,752회",좋아요 181개,싫어요 12개,"이진우 소장님 너무 잼나네요 
월요일 아침 8시에 티비에서 보면서 많이 웃어요 ㅋ|코인하는 사람들 진짜 정신력 대단 ㅋㅋㅋ|유튜브에  리딩방까주는남자라고 있는데 영상보시고 공감가시는분들 오세요^^ ㅋ"
,"[미주사한주사]미국 경제 재개 기대, 한국주식은?/오늘장관심주 : 이엠텍/한국경제TV",2021. 4. 22.,http://www.youtube.com/watch?v=HndJAMa84v4,조회수 951회,좋아요 18개,싫어요 2개,다은누나 땡큐|유튜브  리딩방까주는남자 라고있는데 작정하고 리딩방 정보 공개하고 있습니다ㅋㅋ
,FAAMG 예상실적 미리보기/THE PULSE/한국경제TV,2021. 4. 22.,http://www.youtube.com/watch?v=HndJAMa84v4,"조회수 1,492회",좋아요 33개,싫어요 1개,"점점 이뻐지시네요 ㅎ|와우!|심쿵지수 300000000포인트 돌파|이쁘신데 싱글 아니시죠? ㅜㅜ|심쿵의 일러스트는 직접그리시나요? 한눈에 알아볼수있어서 참 좋네요. 점점 아름다워지는 수현님 감사합니다~|한국에 있는 미군이 55만명인가요?
어디서 기사를 봤는데 친구는 미군 다 합쳐도 100만 맊에 안된다 해서 싸웠습니다.
분명 기사를 봤는데 검색이 안되네요
우리나라에 전세계 미군의 절반 이상이 와 있다니 든든 합니다."
,"[한상춘의 지금 세계는]바이든 주재, 오늘 기후정상회의 개막...비트코인 거품 붕괴설, 어떤 관계 있길래?/한국경제TV",2021. 4. 22.,http://www.youtube.com/watch?v=HndJAMa84v4,"조회수 19,814회",좋아요 332개,싫어요 31개,
,오늘장 놓쳐선 안 될 당신이 잠든사이 일어난 해외 이슈 7 / 출근전 꼭 봐야하는 글로벌 이슈 / 한국경제TV,2021. 4. 22.,http://www.youtube.com/watch?v=HndJAMa84v4,"조회수 78,939회","좋아요 1,957개",싫어요 55개,"5:48 꺄끄꺄끄|5:48 꺅|꺄끄♡꺄끄♡♡♡|고운 누나 유용한 정보 감사해요!|오늘 메인앵커분 눈이 부은거 같네요.
잠 설치신듯.
술을 자셧나..ㅋ|브라질이 경제 10위였다는것이 놀랍다|매일 아침 감사합니다~~|코로나 모두 이겨내세요 
오늘도 좋은일 가득한 하루보내세요|좋은 뉴스 감사합니다.|항상  잘보고 갑니다  감사합니다|누나들 팬이에요😍|선추천 후감상.|꺄꾸우~~~|오늘 우리장 불장돼길.....|아침 마다 고맙습니다^^|👍|박고운님 오늘도 좋은 내용 감솨👏🏻👏🏻|1등|스팩시장작살났는데 광풍이라고?|박고운  개스터 잘해요  고운이름하구 옷하구 잘어울려요  고운|감사 합니다~|프랑스 까끄지수 ㅋ 🇫🇷|우리증시도 불장이길...|오전에 이렇게 정리해주시니 정말좋네요~~ 감사합니다|매일 아침 감사합니다!!|오늘도 이른아침 부터  고생하시는 어여쁜 앵커님 감사 합니다|오늘도 감사합니다. 새벽부터 고생 많으십니다.|애플 이번에 흐림 좋네요.|게임스탑 나눅스 선달  좀 가자 이제ㅜㅠ|사투리 ㅡ..ㅡ|박고운  젤 힘들듯 
멘트넘많아|감사드립니다|아나운서님 목소리가 잘 들리네요
전세원님 이쁘세요 ㅎㅎ|안녕하세요|박고운에 대한 관심이 너무 과하다. 우리에겐 전세연 강다은 전가연도 있음을 잊지말자.
특히 전가연의 살짝 떨리는 발음은 저평가 우량주.|유용하다 사기치는 쓸데없는 밥벌레들 뉴스와는 다르다|Netflix, BTC, 반도체등 좋은 뉴스 잘듣고갑니다. 와우 어느새 경제대국 10위. 감사합니다~ 세원님 화이팅~|중소형 기술주 이젠 가즈아!!!!!!!!|주식에서 피할3가지 해야할3가지|귀 방송 힐링 청량제 예요.
정확한 지적과 이에더한 격려 감사함."
,퇴근길 꼭 봐야할 내일장 공략주 /  성공투자 오후증시 / 한국경제TV,2021. 4. 21.,http://www.youtube.com/watch?v=HndJAMa84v4,"조회수 81,127회","좋아요 1,574개",싫어요 50개,"송재호 고수 라면서요 ?테스나  근데 5 일연속 5400원   올랐는데  추천 하나요??   적어도  일주일전에추천해야할 종목 아닌가요?  넘하십니다 ㆍ|염부장님 감사 ~^^|염블리님^^!!!!♡♡♡♡|젠큐릭스 매력적이네요~~|염부장님 종목은 안전해서 좋아요. 투자판단은 내가 하지만 그래도 전망을 보고 긴추세로 이야기 해주니 불안하지 않더라고요. 불사조님도 그런 스타일에선 일맥상통. 대우건설과 삼성엔지니어링 불사조 영상 보고 담았는데 염블리님 말씀해주시니까 더 확신이..ㅎㅎ 계속 홀딩~|건설주에 대해서 설명이 너무 잘 되어있네요!! ㅎㅎ 너무 감사합니다 ㅎㅎ 안그래도 저는 대우건설, 삼성엔지니어링을 보고있는데 흐름이 좋아서 보유중입니다 ㅎㅎㅎ 앞으로도 건설주에 대한 의견 많이 부탁드려요 ㅎㅎㅎ|아고 2배라구요? ㅎㅎㅎㅎㅎㅎㅎㅎㅎ
아래로?|ㄷ.ㄷㄷ.ㄷㄷㄷh.mh.mhmh.h.m.hmㄷ.ㄷㄷ.ㄷ.hm.hmh.m.hmnㄷ.ㄷ.hmh.mㄷ.hn.hmㄷ.ㄷ.ㄷ.j.m.j.h.h.mh.|염승환 추천주 조심|유튜브 리딩방까주는남자라고 있는데 작정하고 리딩방 정보 공개 중.!!|ᆢ|유튜브  리딩방까주는남자 라고있는데 작정하고 리딩방 정보 공개하고 있습니다ㅋㅋㅋㅋㅋㅋㅋㅋㅋㅋㅋ|감사합니다|염부장님 좋습니다. 늘 응원하고  감사합니다. 근데 한경은  그다지  썩.....특히 송재호씨는 안봅니다|염부장님  엄청 많이나오시는데  피곤하싱까봐걱정입니다|마지막 팔아먹을 타이밍에 물량 떠넘기노 ㅋㅋ|나는 당신의 비디오를 즐겼고, 사실 주식과 물건에 대해 걱정하는 것에 지쳤습니다 ... 그것은 요즘 나를 미치게 만듭니다. 암호화 투자가 주식보다 훨씬 낫다고 생각합니다.|다 좋아|주식시장은 완전 아사리판! 내가 살려면 남을 죽여야 사는 세상입니다! 절대 누구도 믿지 마시길ᆢ|여기서 추천 종목 투자하는 호구는 없겠지요|염블리 🤗💕~|염부장님 어제말씀해주신 무림|아저씨 머리좀 자르시고요 살도좀 빼세요|합주기가 나오면 그 종목은 급락한다. 못믿을 사람.|염부장님~~ 좋은 정보 감사드립니다😄😄😄|◆ 속보)삼성, 최대 70조 이상 초 특급 투자 계획!
: 美반도체 투자 이르면 내달 나올듯
-->삼성전자(우): 발표전, 선 매수 유리!

@ 삼성전자 보통주: 공매도 심해 상승 힘듬
: 5/3일부터 공매도 대상 악재!
@ 삼성전자 우선주: 공매도 대상 제외(호재)
: 향후, 수급상 상승이 쉬어짐

● 삼성전자(우): 보통주 보다 주가 저렴, 우선주가 배당 15% 더 많아 유리!
시스템반도체 성장성 매우 커, 2년내 20만원 전망
-->지금은 저가 매수 기회!
-----------------------------------------------------------------------------

- 평택 제3공장 투자계획도 가시화
- 美 19조 포함 총 50조 이상 전망(최대 70조)

삼성전자가 미국 백악관 회의 이후 급물살을 타고 있는 미국 반도체
투자계획을 이르면 내달 발표할 것으로 전해졌다.
국내 평택캠퍼스 제3공장 투자계획도 가시화되면서 한국과 미국에 투자될 금액이 총 50조원 이상에 이를 것으로 전망된다.

4/18일 재계 따르면 삼성전자는 이르면 다음달 미국에 약 19조원에 달하는 제2파운드리(반도체 위탁 생산) 공장 건설 계획을 발표할 것으로 알려졌다.

삼성전자는 미국 텍사스주오스틴 공장 인근과 애리조나, 뉴욕 후보지로놓고 추가 공장 건설을 검토해왔다. 1공장이 위치해있는 오스틴 유력하다는 평가

삼성전자는 텍사스주의 역대급 한파에 따른 오스틴 공장 '셧다운'의 여파로, 텍사스주로부터 추가 인센티브를 받아내는 재협상을 진행 중이다.
평택캠퍼스 제3공장도 올해 하반기에 투자계획이 공식화될 것으로 보인다.
평택 P3는 이미 지난해 하반기부터 기초공사|감사합니다
건자재대장주   한일현대시멘트"
,퇴근길 종목구조대 / 퇴근길 꼭 봐야할 내일장 공략주 / 성공투자 오후증시 / 한국경제TV,2021. 4. 21.,http://www.youtube.com/watch?v=HndJAMa84v4,"조회수 3,752회",좋아요 64개,싫어요 4개,
,반도체 패권 경쟁속 주인공은 나야나! 삼성전자의 운명은?(이승우)/ 주식경제 이슈분석 / 한국경제TV,2021. 4. 21.,http://www.youtube.com/watch?v=HndJAMa84v4,"조회수 317,895회","좋아요 3,665개",싫어요 221개,"뭔 초반부터 이상한소리하네
몇개월전만해도 삼성주가 4만원대였는데 8만원대가 적게올랐다고 하는게 맞는건가요?  당체 이해가 안가네요|중국이 자유국가  체제로 바뀌지 않는한 미국을 앞설 일은 없을 것임|우리나라는 연기금 외인 아니면 기업실적 좋아도 오를 일이 없을것 같네요|주인없는없는 집에 ?뭘 요구해
복을 발로차서  손발을 꽁꽁묶어
  놨으니?  매국노  ? 업풍에놀아나는  물건들  지죽는
줄모르고~~~|삼전은 파는 주식이 아닙니다 계속 주워 담아보셔요 어느날 입이 쩍 벌어질겁니다|앵커님의 말씀에 공감합니다. 오늘 이승우 센터장님 처음뵀는데 굉장히 쉽게 잘 설명해주시네요. 고맙습니다^^|주말  잘 보내세요. 한주  수고하셨습니다.|연기금때문에 다소용없읍니다..|^^|시골 할머니 주린이
오늘도. 공부 열심히 해습니다.
국민주식 몆주 사놓고. 애가. 탔는데. 좋은정보 주셔서. 감사 하구요...
미  중. 반도체. 패권. 경쟁 속에서. 콕 성공 하기를 기도 합니다.|잘보고 갑니다^^|반도체는 정말 우리나라 코스피 시작에서 1등공신한 산업중 하나 이긴 한 것 같아요 ㅎㅎㅎ저도 이것 저것 찾아보다가 불사조님 방송에서 싸이맥스 아무것도 모르고 들어갔는데 ㅜㅜ 어케 운좋게 수익이 나버렸네요 ㅜㅜ 어찌나 감사한지 ㅜㅜ 앞으로도 반도체 시장의 호황이 계속 유지가 될까요??ㅜ|감사합니다|감솨합니다|늘감사합니당|감사합니다|영상 감사합니다 ㆍ|연기금.....|이승우 센터장님의 솔직한 고견 감사합니다^^|찐! 이십니다|감사합니다|ㄷ7.|완전히 무식한 헛소리를 참,,,|이승우 중국사람? 우리 등소평이라 말하네요|진짜 경제좀..|감사합니다 ~~|ㅣ
ㅡ|삼성은 2nm~3nm에 집중하고, 삼성도 mcu 없어서 곤란하잔아요~, 동부하이택을 한 line 증설해서 삼성전잔 반도체 전용으로깔고, 한line 증설해서 현대자동차 전용라인으로 깔므는 반도체 자급은 해결되잔아요, 동부가 돈이 어디있어요,  직접 출자해야지, 피도 섞고,~
앞서갈려면, 누군가 뒤에서 똥을 딲아 줘야지~~~ 안그렇습니까?|반도체 몇달째 물려있는데 장투하기엔 머리털 다빠지는 섹터같네요 ㅠㅠ 뉴스에선 좋다고 그러는데 왜 정작 주가는 그모양인지.... 불사조님이나 염승환님이 말씀주신 경기민감주들은 계속해서 날라가던데 이유가 뭐죠..?ㅠㅠ|ㄷ7.|중공몽은 멸망|언제는 삼성도 투자를해야된다고 하더니..
지금은 투자보다 실적이라네
여기저기 삼성을 어떻해든 낮추려고.다들 말이싶지..|기 업  총수  각 목 보내 놓고 주가 재 대 로 가 개 야|유튜브 리딩방까주는남자라고 있는데 작정하고 리딩방 정보 공개 중.!!|유튜브에서 배인재 검색하면 재미있는 주식이야기와 영어배우기 동영상 있어요|수고가 대단히 많으십니다|이승우센타장님 타고왔요❤|한국 미국은 중국을 1950년대로 만들어야 합니다. 이것이 한국 미국의 안전을 도모 할수 있는 방법입니다.|시진핑 이  자기 업적 이란것 내세워서 영구 집권 하려고 했겠지요 미국은 자기들 보다 앞서는 것은 절대 허용  않겠지요!!|ㄱ"
,골프의 완성은 골프웨어! 숨겨진 수혜주 까스텔바작/이충헌의 종목인사이드/트레이딩핫타임/한국경제TV,2021. 4. 21.,http://www.youtube.com/watch?v=HndJAMa84v4,"조회수 1,470회",좋아요 18개,싫어요 1개,안녕하세요 이충헌입니다. 좋은 정보만 전달해드릴 수 있도록 열심히 하겠습니다. 오늘도 좋은 하루 되세요!|젊은층이 무슨 까스텔바작을 입어?
,오늘장 한 장으로 끝내는 이엠텍/이상로의 빨간주식/트레이딩핫타임/한국경제TV,2021. 4. 21.,http://www.youtube.com/watch?v=HndJAMa84v4,"조회수 3,401회",좋아요 43개,싫어요 1개,내일 들어갈까요?^^|유튜브  리딩방까주는남자 라고있는데 작정하고 리딩방 정보 공개하고 있습니다ㅋㅋㅋㅋㅋㅋㅋㅋㅋ|유튜브 리딩방까주는남자라고 있는데 작정하고 리딩방 정보 공개 중.!! ㅋㅋㅋㅋ
,10분 안에 당신을 사로잡을 종목! 어보브반도체 VS 해성디에스/박창윤의 뜨거운10분/트레이딩핫타임/한국경제TV,2021. 4. 21.,http://www.youtube.com/watch?v=HndJAMa84v4,"조회수 11,086회",좋아요 254개,싫어요 9개,"너무오른제품|와............ 진짜 박빙이다.. 저는 둘 다 들고 있습니다.....|좋은 종목 추천 감사합니다. 그러나 달리는 말(어보브반도체)과 쫒는 말(해성디에스)로 비교하기는 너무 무리인 것 같다. 가정용 가전  MCU를 개발 판매해 왔으며 앞으로 차량용 MCU를 개발할 업체인 어보브반도체와 지금까지 차량용 반도체를 개발해 온 업체의 기술력은 큰 게 사실이다. 차량용 반도체는 가정용 반도체와는 비교가 안될 정도의 신뢰도, 내구성과 품질이 요구된다."
,주목할 증권주/기관의 눈/최성민의 빅샷/한국경제TV,2021. 4. 21.,http://www.youtube.com/watch?v=HndJAMa84v4,"조회수 5,493회",좋아요 96개,싫어요 2개,"감사합니다|저도 밑에분말마따나 불사조님이 너무 강조해서 증권주 눈여겨보고있었는데 ㅋㅋ 신금투 연구원님이 다뤄주시니까 더욱 확신얻고 갑니다.!|한국 금융지주 오를대로 오른|최근에 불사조 채널에서 강조하던 건설주, 철강주 내 여러 종목들로 재미좀 봤는데 증권주도 이번에 좀 챙겨봐야겠네요~~
좋은 영상 감사드립니다!|미래에셋 언제가나.."
,코인베이스와 NFT/외국인의 눈/최성민의 빅샷/한국경제TV,2021. 4. 21.,http://www.youtube.com/watch?v=HndJAMa84v4,"조회수 2,225회",좋아요 55개,싫어요 2개,감사합니다 !!|좋은 내용 감사합니다!|그.....그.....그......그.......그...... 괴롭다|순살이 아니라 오래된살 이네요. 언제때 뉴스야 !
,상승 모멘텀 CMO주/앵커의 눈/최성민의 빅샷/한국경제TV,2021. 4. 21.,http://www.youtube.com/watch?v=HndJAMa84v4,"조회수 6,357회",좋아요 177개,싫어요 7개,감사합니다|감사합니다
,‘1년 목표가 돌파’ 삼성전기 더 강력해진 모멘텀과 주가 전망 / 한국경제TV / 증시라인,2021. 4. 21.,http://www.youtube.com/watch?v=HndJAMa84v4,"조회수 11,449회",좋아요 249개,싫어요 11개,"아..삼성전기... 정말 믿어도 됩니까. 이미 제법 큰  손실 났는데...|헐.. 맞추면 대박 .이거 못 맞히면 그럴 수 있지..오리발?|보자 보자 ....|개잡전기 연일 폭락인데.. 기관, 외인, 연기금.. 벌써 반년째 폭풍매도인데.. 70만원이요? 무슨 판타지 소설 쓰십니까?|감사합니다 3년뒤 기대되네요~|매력만점~^^삼전|기억하고 있겠습니다 👍❤😄
3년 목표가 70만원... 분할매수|20만원도 못 가고 꼬라박고 있다|흠|현재 2021.5.5...3년후에 다시 댓글 달게용 삼성전기 무라타잡고 1위로 도약해줘..|삼성전기 모아가겠읍니다
감사합니다|에믜디진새기 ㅋㅋ|내려갈때마다 모아서 대박한번 내보자|70만원이요..? 3년이 아나라  10년 후  목표주가 아닌가요...?  개미한테 희망회로 너무  돌리게 하는 발언이네요... 아무리 mlcc넘버투고  실적 좋다고 해도  이미  주가에   선반영된거 아닌가요..? 목표주가  예상보다  조기달성하면  증권가에선  목표주가  상향으로 잡는건  당연한것... 그냥 그렇구나 하고 생각하면 됨..|오늘 7000원 또 내려갔는데???"
,"성우하이텍, 잇단 GM發 낭보...전기차 준비도 착실 / 공진단 / 한국경제TV",2021. 4. 21.,http://www.youtube.com/watch?v=HndJAMa84v4,"조회수 2,560회",좋아요 31개,싫어요 1개,"성우하이텍 부도 초읽기인데 뭔 헛소리인지.
2년 째 연매출 3조에 당기순손실 1천억인데?
게다가 단기차입금이 2조가 넘는데?
글로벌 13개 사업장이 죄다 적자이고.
얘는 방송 전에 최소한 연결재무제표도 안 보나?"
,"코스피 최고치, 백신·공매도 변수! 급등주 추격 금지, 개별주 장세 지속 / 김우식의 진짜전략 / 한국경제TV",2021. 4. 21.,http://www.youtube.com/watch?v=HndJAMa84v4,"조회수 9,715회",좋아요 177개,싫어요 10개,"김우식전문가님~ 
명쾌한 분석과 전략 제시해 주셔서 
감사드립니다~
늘 건승하시기 바랍니다.. ^^|주린이들만 잡네|삼성sdi 이틀전추천.
사기시작했는데 팔았다고요
사지말라고요.|반미친중하면서 백신을 달라고?!
거지같은 소리하고 자빠졋다.|관망하고 별로 도움이  안되요|종목 추천하면 왜 빠질까?...|쩝쩝 혀차는소리 거슬리네|5월부터 시작될 공매도에 대한

 걱정을 하시는 주식투자자분들에게

 조금이나마 도움이 되었으면...

하는 바램입니다.


☆ 내 주식을 공매도에 이용되지 않게 하는 방법

*삼성증권
​
메뉴-뱅킹대출-대여-대여거래신청/해지
​
위에처럼 대여거래등록여부 미등록되어 있으면 OK
​
신청 되어 있을시 해제
​
​
*KB증권
​
뱅킹/대출-대여-주식/해지
​
​
*대신증권
​
온라인지점-대차중개서비스-주식대여 서비스 신청/해지
​
​
*한화증권
​
MRS : 왼쪽 하단에 '주식'-계좌잔고-주식대차거래-대차거래 신청/해지-비번 넣고 약정여부 조회/변경
​
​
*한국투자증권
​
HTS에서 메뉴상단에 인터넷뱅킹-신용/대출/대여약정신청/해지/변경에서 가능
​
​
*나무증권
​
메뉴-계좌/이체/청약/대출-대출/신용-대여풀서비스신청에서 해지
​
*키움증권
​
영웅문 화면 상단에 '주식대여'-[1658] 대여계좌 신청/해지-대여계좌 해지
​
*NH투자증권
​
HOME버튼-왼쪽하던 전체메뉴 클릭-우측상단 계좌/이체청약/대출클릭-좌측 대출/신용 클릭-대여풀서비스 신청/내역-미신청이면 완료
​
*미래에셋증권
​
뱅킹/자산-주식대여-대여 신청/해지-등록되어 있으면 해지
​
*하나대투
​
1.HTS : 왼쪽 상단에 0535입력-비번 넣고 조회 누르면 계좌 나오고 약정 여버 조회/변경가능
​
2.MTS : 왼쪽 하단에 '주식' 누르고 -메뉴 검색에서 '대차'라고 입력하면 검색-비번넣고 약정 여부 조회/변경
​
​
​
전화로 대차해지 요청시
​
​
​
동부증권 : 1588-4200
​
미래에셋 : 1588-9200
​
교보증권 : 1544-0900
​
신한증권 : 1588-0365
​
대신증권 : 1588-4488
​
신흥증권 : 080-7733-080
​
우리투자증권 : 1544-0000
​
유화증권 : 02-566-5522
​
이트레이드증권 : 1588-2428
​
키움증권 : 1544-9000
​
하나대투증권 : 1588-3111
​
한국투자증권 : 1544-5000
​
한양증권 : 1588-2145
​
대우증권 : 1588-3322
​
유안타증권 : 1588-2600
​
리딩투자증권 : 02-2009-7004
​
부국증권 : 1588-7744
​
골든브릿지투자증권 : 1566-0900
​
삼성증권 : 1588-2323
​
신영증권 : 1588-8588
​
CJ투자증권 : 1588-7171
​
HMC투자증권 : 1588-6655
​
KGI증권 : 02-3770-9200
​
KB투자증권 : 1599-7000
​
한화증권 : 1544-8282
​
현대차증권 : 1588-6611
​~~~~~~~~~~~~~~~~~~~~~~~~

공매도에 대해서 잘 모르시는분들을 위해
여기서 참고하시면 도움이 되실겁니다.

http://m.site.naver.com/0KvJk|유튜브  리딩방까주는남자 라고있는데 작정하고 리딩방 정보 공개하고 있습니다ㅋㅋㅋㅋㅋㅋㅋ"
,0421 놓쳐선 안 될 '30초 투자뉴스' 2,2021. 4. 21.,http://www.youtube.com/watch?v=HndJAMa84v4,조회수 994회,좋아요 20개,싫어요 없음,
,0421 놓쳐선 안 될 '30초 투자뉴스' 1,2021. 4. 21.,http://www.youtube.com/watch?v=HndJAMa84v4,조회수 776회,좋아요 13개,싫어요 없음,
,미국 이슈: 美 여행금지국 확대 여행관련주 하락 / 오늘장 관심주: 카카오 / 어제장 놓쳐선 안됐을 미국주식 오늘장 놓칠지도 모르는 한국주식 / 한국경제TV,2021. 4. 21.,http://www.youtube.com/watch?v=HndJAMa84v4,"조회수 1,817회",좋아요 40개,싫어요 2개,"나스닥상승
기술주상승
팡주 상승해서
강다은 캐스터님 활짝웃으시는모습
얼른 보고 싶습니다^^|터키같이 현재 외환위기 국가에 들어가서 헐값에 거래되는 실물자산(부동산, 농업.수산자원, 지하자원, 기업 등) 싸게 사두는 것도 큰 돈벌 될듯하다"
,글로벌 저탄소 정책속 백금·팔라듐 동향 / THE PULSE  / 한국경제TV,2021. 4. 21.,http://www.youtube.com/watch?v=HndJAMa84v4,"조회수 2,387회",좋아요 76개,싫어요 2개,"고마워요!|감사합니다|아 심쿵 ㅜ|미치겠다|비기닝이 신선하게 변경되었네요. 학습  잘하고갑니다. 즐거운 하루되세요 수현님~|얼굴과 몸매 때문에 내용이 안 들어옴|이쁘네... 무슨 말하는지 하나도 집중이 안돼!!!

안경 쓴 얼굴이 아주아주 귀엽네요|터키같이 현재 외환위기 국가에 들어가서 헐값에 거래되는 자산(부동산, 농업.수산자원, 지하자원, 기업 등) 싸게 사두는 것도 큰 돈벌 될듯하다"
,"[한상춘의 지금세계는] 4월 20일 도지데이! 재차 확인된 ‘머스키즘’… 도지코인, ‘제2의 니콜라 길’ 걷나? / 한국경제TV",2021. 4. 21.,http://www.youtube.com/watch?v=HndJAMa84v4,"조회수 20,806회",좋아요 263개,싫어요 18개,"뉴스는 항상 뒷북만 치지..... 너무 오래된 내용들만 전달해준다.   요즘엔 뉴스 통해서 정보를 얻으면 도태되는 듯.|고마워요!|내용이 너무 재밋네요 잘 보고 갑니다|ㅋㅋ 도지코인에 200만원박아놨었는데 개꿀
저는 더 먹으려구요!!니콜라꼴 안납니다|파인  코인  어때요|올리패스 어떻할거에요?|일단 말투가 학생들 꿈나라로 보내는 말투....|터키같이 현재 외환위기 국가에 들어가서 헐값에 거래되는 실물자산(부동산, 농업.수산자원, 지하자원, 기업 등) 싸게 사두는 것도 큰 돈벌 될듯하다|채굴 해보세요.. 되나.. 채굴이 예전보다 10배는 힘들어 지내요|멍멍이코인이  뭔지 떠들썩하네요, 시간이 좀  지나보면 암호화폐가 어떻게 될 지 알게 되겠지요😃|코인 = 불나방 으로 인식 시킬려고 하네... ㅎㅎ|한상춘 말  듣기  어렵네|스페이스X 로켓 화성 무사 착륙시  테슬라 10만대 한정 2만도지로 구입가능 - 시바 머스크 왈왈 (이 장난삼아 만든 개코인으로도 테슬라를 구입할 수 있는날이 온다 도지는 이제 시작이다)|아니...
공매도가 존재해야할 이유가 뭐야?
헤지 펀드 놈들 돈벌이 수단 내주고 시장 흔들려서 불안감 즐겨보자는 거야??
대체 왜 양왜놈들한테 우리 시장을 바쳐야 하냐고???????|도지코인의 법인이 미국 콜로라도에 있고, 빌리 마커스와 잭슨 팔머가 대표인데. . 일본에서 만들었다니요??? 아닌 것 같네요. ㅡㅡㅡ  ? ? 단지 시바견이 미국에서 인기 있어서 사용한 것 일듯."
,오늘장 놓쳐선 안 될 당신이 잠든사이 일어난 해외 이슈 7 / 출근전 꼭 봐야하는 글로벌 이슈 / 한국경제TV,2021. 4. 21.,http://www.youtube.com/watch?v=HndJAMa84v4,"조회수 84,028회","좋아요 1,938개",싫어요 47개,"박고은캐스터 점점 더 잘하시네요^^
편안하게 잘들었어요|매일아침 좋은뉴스 감사합니다 ^^|좋은 정보 영상 감사드립니다|아침마다 항상 고맙습니다^^|고운 누나 꺆끄 ♡|감사합니다..|♡♡♡|ㅗㅜㅑ~~ 누나 나죽ㅇ~~~~|아침마다 유용한 소식 감사합니다|꺄끄꺄크|👍|대체육고기 맛없쥬 ㅎㅎ|나이키 ㅠㅠ|전가은님 좋아용|아나운서 목소리가 듣기 좋습니다 감사합니다|고마워요!|꺄끄 ♡♡ 전해드렸습니다~~|꺄끄~♡|감사합니다~!|아마존 쌀롱 ㅋㅋㅋ|박고은 캐스터 잘하시는데   조금 천천히 부탁해요^^|수고하셨습니다  많은정보 감사드립니다  좋은하루   보내세요 ♥️♥️|오늘도 새벽부터 준비하시느라 고생 많으셨습니다. 감사합니다.|오늘도 잘듣고 갑니다.|전가은 캐스터님 긴장하셨나봐요^_^|전해드렸습니다아~|1등 항상 감사합니다:)|감사합니다|아침에핵심만빠르게~좋아요|전해드렸습니다아~원래안그랬잖아요?|Cvs health는 자주 나오네요. 감사합니다 ~|8:00 강다은 누님은 입을 왜 그러고 있는거임? ㅋㅋ|아침마다 잘 듣고 갑니다.|아침마다 항상 감사드립니다 ㅎㅎㅎ 저녁에는 불사조님 시황에 종목들에 대한 견해를 듣고, 아침에는 꼭 한국경제tv 를 보면서 시장을 준비하게 되네요 ㅎㅎㅎ 잘 들었습니다 감사합니다 ㅎㅎ|주식에서 피할3가지 해야할3가지|비트코인 광고 보소.
곧 있음, 젊은 애들 곡소리  연방 터지겠구만....|감사드립니다~^^|아침마다 정말 수고가 많으세요 ㅠ 정말 주식 잘하시는 분들은 돈깡님도 그렇고 불사조님도 그렇고 엄청 부지런 하신거 같으세요 ㅎㅎ 매일 신세 진다는 생각으로 잘 보고 있습니다! ^^|꺄끄꺄끄|유튜브  리딩방까주는남자 라고있는데 작정하고 리딩방 정보 공개하고 있습니다ㅋㅋㅋㅋㅋㅋㅋㅋㅋㅋ"
,[베트남 투자가이드]베트남도 부동산 훈풍…1분기 회복세/ 베트남투자가이드 / 한국경제TV,2021. 4. 20.,http://www.youtube.com/watch?v=HndJAMa84v4,"조회수 1,868회",좋아요 14개,싫어요 3개,"한국 부동산 초고가 대만 부동산 넘어서다|베트남은 외국인이 자국민보다 30~40% 취득세 더내야 한다. 아주 합리적인 제도. 우리나라는 검은머리 외국인 가진자들 자식들이 많아서 안바뀔듯|이런것보다 정상적인 해외투자 과정에 대해 사람들에게 좀 알려야하지 않을까 생각됩니다.
베트남 부동산 투자로 수익 많이 보신분들도 많은데, 상당수가 큰 문제점이 있습니다. 
정상적으로 해외부동산 투자 신고하고 정상적인 루트로 돈을 가져와서 투자해야만 정상적으로 한국으로 가져갈 수 있는데, 뭐가 무서워서 환치기 등 편법으로 돈 들고와서 자금 출처 증빙 못해서 돈이 묶이는 사람들이 종종 있습니다.
정상적이고 합법적인 방법두고 왜 편법 쓰다가 난처한 상황을 만드는지 안타까운 일들이 보이니 안타깝더군요."
,퇴근길 꼭 봐야할 내일장 공략주 /  성공투자 오후증시 / 한국경제TV,2021. 4. 20.,http://www.youtube.com/watch?v=HndJAMa84v4,"조회수 32,056회",좋아요 566개,싫어요 10개,30|우왕 나 오늘 산거 두주나 들어가있엉 ㅠㅠ|감사합니다
,퇴근길 종목구조대 / 퇴근길 꼭 봐야할 내일장 공략주 / 성공투자 오후증시 / 한국경제TV,2021. 4. 20.,http://www.youtube.com/watch?v=HndJAMa84v4,"조회수 5,612회",좋아요 119개,싫어요 5개,차트만 보고 매매하나요 기업의가치를보고 해야죠 에스티팜아직도 저평가에요 공부하고 말하세요|유튜브 리딩방까주는남자 라고있는데 작정하고 리딩방 정보 공개하고 있습니다ㅋㅋㅋㅋㅋ
,방구석 콘서트 뜨거운 열기! 상대적 저평가 큐브엔터 주목/이기택의 종목인사이드/트레이딩핫타임/한국경제TV,2021. 4. 20.,http://www.youtube.com/watch?v=HndJAMa84v4,"조회수 2,399회",좋아요 32개,싫어요 없음,"유튜브 리딩방까주는남자 라고있는데 작정하고 리딩방 정보 공개하고 있습니다.ㅋㅋㅋ|정부는 그만 나불되고, 민간기업도    백신을 확보할 수 있으면 할 수 있도록 모든 빗장을 풀어야 한다."
,오늘장 한 장으로 끝내는 티케이케미칼/이상로의 빨간주식/트레이딩핫타임/한국경제TV,2021. 4. 20.,http://www.youtube.com/watch?v=HndJAMa84v4,"조회수 4,250회",좋아요 71개,싫어요 1개,"다 오른뒤에 추천은뭔가요|썸네일 아자씨는 뭔 맨날 급등한거 가꼬와서 이거 하나면 끝난다고 하노 ㅋㅋㅋ 참나 웃겨가지고는|정성으로 올려주신 고급정보 감사합니다
여기도 유익하지만 제가 정보공유받는 방에서도 
4월20일 한국파마 추천후 상한가 
에이티넘인베스트 추천후 급등정지후 14.48%터치 
도이치모터스 추천후 급등정지후 11.80%터치
한컴위드 추천후 9.92%터치 
썸에이지 추천후 9.23%터치 
휴먼엔 추천후 7.41%터치 등등
open.kakao.com/o/gBKqJkq
요즘 승률이 대박인곳입니다
속보나 뉴스가 나왔을때 한눈에 정리보기좋게 정리된정보를  
입장만하시면 유료1도없이 평생무료정보를 받아보실수있습니다
항상 성투하세요 오늘하루도 수고많으셨습니다"
,10분 안에 당신을 사로잡을 종목! 고려제강 VS 휠라홀딩스/임주아의 뜨거운10분/트레이딩핫타임/한국경제TV,2021. 4. 20.,http://www.youtube.com/watch?v=HndJAMa84v4,"조회수 5,193회",좋아요 136개,싫어요 4개,갓주아 가주아|고려제강  대박 실적|고려제강 설거지해주러 들어가는건데|이.여자ㅜ말 듣고 기아샀다가 피보고 있다..절대.사지마쇼|와 설명 천재~
,원익QnC/앵커의 눈/최성민의 빅샷/한국경제TV,2021. 4. 20.,http://www.youtube.com/watch?v=HndJAMa84v4,"조회수 4,725회",좋아요 153개,싫어요 5개,감사합니다|감사합니다|잘 보고 갑니다|좋은정보 감사합니다!!|주주입니다 정보 감사합니다.|도대체 원익은.회사가 다 좋냐..정말 대단
,글로벌 채권 금리/기관의 눈/최성민의 빅샷/한국경제TV,2021. 4. 20.,http://www.youtube.com/watch?v=HndJAMa84v4,"조회수 1,673회",좋아요 38개,싫어요 1개,유튜브 리딩방까주는남자 라고있는데 작정하고 리딩방 정보 공개하고 있습니다.ㅋㅋㅋ
,공매도 피해갈 종목 SBS/외국인의 눈/최성민의 빅샷/한국경제TV,2021. 4. 20.,http://www.youtube.com/watch?v=HndJAMa84v4,"조회수 31,653회",좋아요 572개,싫어요 32개,"SBS는 돈은 잘버는 기업이나 도덕적으로 좋은기업은 아니죠.|5월부터 시작될 공매도에 대한

 걱정을 하시는 주식투자자분들에게

 조금이나마 도움이 되었으면...

하는 바램입니다.


☆ 내 주식을 공매도에 이용되지 않게 하는 방법

*삼성증권
​
메뉴-뱅킹대출-대여-대여거래신청/해지
​
위에처럼 대여거래등록여부 미등록되어 있으면 OK
​
신청 되어 있을시 해제
​
​
*KB증권
​
뱅킹/대출-대여-주식/해지
​
​
*대신증권
​
온라인지점-대차중개서비스-주식대여 서비스 신청/해지
​
​
*한화증권
​
MRS : 왼쪽 하단에 '주식'-계좌잔고-주식대차거래-대차거래 신청/해지-비번 넣고 약정여부 조회/변경
​
​
*한국투자증권
​
HTS에서 메뉴상단에 인터넷뱅킹-신용/대출/대여약정신청/해지/변경에서 가능
​
​
*나무증권
​
메뉴-계좌/이체/청약/대출-대출/신용-대여풀서비스신청에서 해지
​
*키움증권
​
영웅문 화면 상단에 '주식대여'-[1658] 대여계좌 신청/해지-대여계좌 해지
​
*NH투자증권
​
HOME버튼-왼쪽하던 전체메뉴 클릭-우측상단 계좌/이체청약/대출클릭-좌측 대출/신용 클릭-대여풀서비스 신청/내역-미신청이면 완료
​
*미래에셋증권
​
뱅킹/자산-주식대여-대여 신청/해지-등록되어 있으면 해지
​
*하나대투
​
1.HTS : 왼쪽 상단에 0535입력-비번 넣고 조회 누르면 계좌 나오고 약정 여버 조회/변경가능
​
2.MTS : 왼쪽 하단에 '주식' 누르고 -메뉴 검색에서 '대차'라고 입력하면 검색-비번넣고 약정 여부 조회/변경
​
​
​
전화로 대차해지 요청시
​
​
​
동부증권 : 1588-4200
​
미래에셋 : 1588-9200
​
교보증권 : 1544-0900
​
신한증권 : 1588-0365
​
대신증권 : 1588-4488
​
신흥증권 : 080-7733-080
​
우리투자증권 : 1544-0000
​
유화증권 : 02-566-5522
​
이트레이드증권 : 1588-2428
​
키움증권 : 1544-9000
​
하나대투증권 : 1588-3111
​
한국투자증권 : 1544-5000
​
한양증권 : 1588-2145
​
대우증권 : 1588-3322
​
유안타증권 : 1588-2600
​
리딩투자증권 : 02-2009-7004
​
부국증권 : 1588-7744
​
골든브릿지투자증권 : 1566-0900
​
삼성증권 : 1588-2323
​
신영증권 : 1588-8588
​
CJ투자증권 : 1588-7171
​
HMC투자증권 : 1588-6655
​
KGI증권 : 02-3770-9200
​
KB투자증권 : 1599-7000
​
한화증권 : 1544-8282
​
현대차증권 : 1588-6611
​~~~~~~~~~~~~~~~~~~~~~~~~

공매도에 대해서 잘 모르시는분들을 위해
여기서 참고하시면 도움이 되실겁니다.

http://m.site.naver.com/0KvJk|대주주 지분법을 빠트렸네요|유튜브 리딩방까주는남자라고 있는데 작정하고 리딩방 정보 공개 중.!! ㅋㅋㅋ|Sbs는 중국의 동북공정에 
큰 관심이 없는듯...|하루도 빠짐없이 잘 챙겨보고 있습니다. 감사합니다.~~^^|아 이분이 예전에 말했었던 그 화장품 검사 업체였나,..roe 가 되게 높다고 했던 그 종목 암만 찾아봐도 못찾겠네요..."
,0420 놓쳐선 안 될 '30초 투자뉴스' 2,2021. 4. 20.,http://www.youtube.com/watch?v=HndJAMa84v4,조회수 969회,좋아요 13개,싫어요 1개,6
,0420 놓쳐선 안 될 '30초 투자뉴스' 1,2021. 4. 20.,http://www.youtube.com/watch?v=HndJAMa84v4,조회수 944회,좋아요 15개,싫어요 없음,"📌 1 8  + —S'E'X""——D""A`T""ING————————
Here ➱  XXCLUB.CYOU/CMBLWX



9:03

√™ Lorsqu'une pilule qui donne aux utilisateurs cinq minutes de super pouvoirs inattendus arrive dans les rues de

√™ Когда таблетка, дающая пользователям пять минутнеожиданных сверхспособностей, попадает на улицы Нового Орлеана, торговец-подросток и местный полицейскийогда таблетка, дающая пользователям пять минут"
,0419 놓쳐선 안 될 '30초 투자뉴스' 2,2021. 4. 20.,http://www.youtube.com/watch?v=HndJAMa84v4,조회수 594회,좋아요 7개,싫어요 없음,
,0419 놓쳐선 안 될 '30초 투자뉴스' 1,2021. 4. 20.,http://www.youtube.com/watch?v=HndJAMa84v4,조회수 908회,좋아요 10개,싫어요 없음,
,유통업 지각변동 치열한 경쟁 속 배송전 집중해야 승기 잡을 것(오린아)/ 주식경제 이슈분석 / 한국경제TV,2021. 4. 20.,http://www.youtube.com/watch?v=HndJAMa84v4,"조회수 1,072회",좋아요 27개,싫어요 2개,팬스타엔터프라이즈  저가주|유튜브  리딩방까주는남자 라고있는데 작정하고 리딩방 정보 공개하고 있습니다ㅋㅋㅋㅋㅋㅋ
,미국 환율보고서 경기회복에도 약해지는 달러 이유는?(최양오)/ 주식경제 이슈분석 / 한국경제TV,2021. 4. 20.,http://www.youtube.com/watch?v=HndJAMa84v4,"조회수 10,513회",좋아요 241개,싫어요 9개,"우와 ~너무 반가운 최양오님이다
설명 잘들었어요
수고하셨습니다
감사합니다|미국까는방송ㅉㅉ조회수 안나오는데는 이유가 있다|비트코인.실체가.없다
실명으로.해야한다
전재산이.한방에간다|말 겁나 더듬네|말하는분 사회적 책임이 없네
투기가 사회에 판치는것두 문제 아닌가요
그름 정선 카지노도 전국에 개방 하시지 ~~|백신 접종률 순위 : 이스라일 영국 미국 순|터키같이 현재 외환위기 국가에 들어가서 헐값에 거래되는 자산(부동산, 농업.수산자원, 지하자원, 기업 등) 싸게 사두는 것도 큰 돈벌 될듯하다|알맹이없은내용해설하나마나"
,백신 접종 따른 보복소비 본격화 인터파크 · 진에어 / 한국경제TV / 증시라인,2021. 4. 20.,http://www.youtube.com/watch?v=HndJAMa84v4,"조회수 3,259회",좋아요 44개,싫어요 1개,"좋은 전망 감사합니다.|감사합니다|인터파크 오늘 장 어떻게 보십니까?
4000주 4400원에 매수했는데 불안합니다.
답글 부탁드립니다.
오늘도 즐거운 하루 되세요.^^|경제증권리빙방  사기방  조심하세요~^^     ★   민호 부장   사기전과있음   주의"
,현대차 조업 중단에 어보브반도체가 왜? / 공진단 / 한국경제TV,2021. 4. 20.,http://www.youtube.com/watch?v=HndJAMa84v4,"조회수 3,617회",좋아요 78개,싫어요 1개,🌸
,"시스템반도체가 뜬다! 비메모리 강세 vs 삼성전자 약세, 지배구조 관련주 공략 / 이승조의 진짜전략 / 한국경제TV",2021. 4. 20.,http://www.youtube.com/watch?v=HndJAMa84v4,"조회수 92,061회","좋아요 2,352개",싫어요 67개,"감사합니다♥|감사합니다|감사합니다~~|오늘 너무 많은 걸 주셨습니다.
감사합니다.|너무 감사합니다
멋진 두분 훌륭하십니다|항상 기대하며 꼭 보는 방송입니다^^|이승재대표님 존경합니다.~~^^|감사합니다|땅케!|거버넌스짱^^|거버넌스 가 대세군요|감사합니다.
답답하던 머리가 뻥 뚫리는 감이 듭니다.|이것저것 많이 던져주고 가서 좋습니다|이대표님 
감사합니다 
👍👍👍👍👍|코인은 싑지 않네요ㅠㅠ
그나마 위안은 쌤덕분에 계좌가 붉어서 다행입니다.|영상 감사합니다|무극샘 다 주시면 어떡해요 ㅠ_ㅠ_ㅠ_ㅠ_ㅠ|이승조 대표님  좋은 정보  정말  잘보고 있습니다   당신은  킹   ♡♡♡|매도자의 설계 / 매수자의 설계. 이 말 와 닿는다.|늘 감사합니다|늘 기다립니다 감사합니다|감사합니다|완전취고임다|역시 무극선생님 
최곱니다 ~|울쌤 최최고|대표님의 놀라운 통찰력. you god!|많은도움됩니다
늘ᆢ
감사해요|ㅂ|무극샘 항상 감사드립니다.
하경민 앵커님도 감사드려요.|DL이앤씨 보고 있었는데ᆢ
매수 괜찮다는 말씀이시죠?|올해 키워드는 거버넌스로 요약되나보네요|엘비세미콘이 폭등하겠네|유익한방송 감사합니다|실제 거래에 많이 도움됩니다.|지금 6천만원 비트코인|이승조님을 알게 되서 계좌가 붉게 변했어요
항상 도움 많이 받고 있읍니다|일년 내내 거버넌스~~ 지겹네|수고하셨습니다 👍감사합니다|삼성은 2nm~3nm에 집중하고, 삼성도 mcu 없어서 곤란하잔아요~, 동부하이택을 한 line 증설해서 삼성전잔 반도체 전용으로깔고, 한line 증설해서 현대자동차 전용라인으로 깔므는 반도체 자급은 해결되잔아요, 동부가 돈이 어디잇어요,  직접 출자해야지, 피도 섞고,~
앞서갈려면, 구누군가 뒤에서 똥을 딲아 줘야지~~~ 안글나?|거버넌스 선생님 나오셨네요. ㅎㅎㅎㅎ 거버넌스 단어를 상당히 좋아하시는 듯~"
,"주요 테크주(ASML, 램리서치, 에퀴팩스, 인텔) 예상실적은? / THE PULSE  / 한국경제TV",2021. 4. 20.,http://www.youtube.com/watch?v=HndJAMa84v4,"조회수 1,829회",좋아요 37개,싫어요 없음,"감사합니다|반도체의 질주는 계속되네요. 감사합니다 수현님 ~|이사님~|램리서치 소개가 잘못 된 것 같아요. 반도체 식각장비 제조사 입니다.|Best Datting Click 🔽
 
cams.downloadz.to
 
 
 
在整個人類歷史上，強者，富人和具有狡猾特質的人捕食部落，氏族，城鎮，城市和鄉村中的弱者，無`'守和貧窮成員。然而，人類的生存意願迫使那些被拒絕，被剝奪或摧毀的基本需求的人們找到了一種生活方式，並繼續將其DNA融入不斷發展的人類社會。
 
說到食物，不要以為那些被拒絕的人只吃垃圾。相反，他們學會了在被忽視的肉類和蔬菜中尋找營養。他們學會了清潔，切塊，調味和慢燉慢燉的野菜和肉類，在食品市場上被忽略的部分家用蔬菜和肉類，並且學會了使用芳香的木煙（如山核桃，山核桃和豆科灌木
 
來調味食物煮的時候 1618920513"
,미국 이슈: 실적 발표 기업 리뷰 / 오늘장 관심주: KT / 어제장 놓쳐선 안됐을 미국주식 오늘장 놓칠지도 모르는 한국주식 / 한국경제TV,2021. 4. 20.,http://www.youtube.com/watch?v=HndJAMa84v4,"조회수 2,657회",좋아요 84개,싫어요 1개,"👏🏻👏🏻👏🏻|고마워요!|나스닥.기술주.팡주 하락
=강다은 캐스터님 기분하락
😭|잘듣고 있는데 제발 한상춘인가 하는사람 나오지만 않으면 좋겠네요 하나도 도움도 않됩고 어거지같습니다|정성으로 올려주신 고급정보 감사합니다
여기도 유익하지만 제가 정보공유받는 방에서도 
4월20일 한국파마 추천후 상한가 
에이티넘인베스트 추천후 급등정지후 14.48%터치 
도이치모터스 추천후 급등정지후 11.80%터치
한컴위드 추천후 9.92%터치 
썸에이지 추천후 9.23%터치 
휴먼엔 추천후 7.41%터치 등등
open.kakao.com/o/gBKqJkq
요즘 승률이 대박인곳입니다
속보나 뉴스가 나왔을때 한눈에 정리보기좋게 정리된정보를  
입장만하시면 유료1도없이 평생무료정보를 받아보실수있습니다
항상 성투하세요 오늘하루도 수고많으셨습니다"
,"[한상춘의 지금세계는] 中 인민은행 “비트코인, 화폐 아니야”…1분기 中 성장률, 최고냐 최저냐 논쟁…왜? / 한국경제TV",2021. 4. 20.,http://www.youtube.com/watch?v=HndJAMa84v4,"조회수 12,271회",좋아요 195개,싫어요 17개,
,오늘장 놓쳐선 안 될 당신이 잠든사이 일어난 해외 이슈 7 / 출근전 꼭 봐야하는 글로벌 이슈 / 한국경제TV,2021. 4. 20.,http://www.youtube.com/watch?v=HndJAMa84v4,"조회수 67,729회","좋아요 1,661개",싫어요 35개,"꺄끄 고운 😍|출근길 좋은정보 감사해요|아침을여는 좋은시간 만들어주셔서 감사합니다 감사합니다 🙏|감사합니다 🙏|매일 아침 고생 많으시네요 감사합니다~|전날 미국장 정리해 주는 뉴스라 유용하네요.|오늘도 빠르고 좋은 소식 감사합니다^^|아침마다 고맙습니다^^|이른 아침부터 주린이들을 위해서 고생이 많습니다 감사 합니다|감사합니다.|요즘 아침마다 보고 있어요. 좋은 정보 감사합니다.|이런아침 감사합니다|고마워요!|항상 감사드립니다~|1등~~|테슬라는 못가네|오늘도 성투|박고운양 응원해요
대단합니다|빠른 소식 감사합니다|아침부터 세계의 경제흐름에 대해
상세한 설명에 감사드림니다
글로벌 이슈에 대해 잘 대응해야 겠네요.|좋은 뉴스 감사합니다.|2등|스푸트니크 백신효과 97%...감사합니다.|제품결함이라니요?|박고운 캐스터님 오늘도 좋은 정보 👍|러시아백신… 못믿겠는데…|앙 꺄끄띠|주식에서 피할3가지 해야할3가지|유튜브  리딩방까주는남자 라고있는데 작정하고 리딩방 정보 공개하고 있습니다.ㅋㅋㅋㅋ|백신  사기|저기요 아직 원인밝혀지지도않았는데 본인이 경찰도아니고 안전문제라고 확답하는건 뭐요?|세원이 눈나...  이뻐용|정성으로 올려주신 고급정보 감사합니다
여기도 유익하지만 제가 정보공유받는 방에서도 
4월20일 한국파마 추천후 상한가 
에이티넘인베스트 추천후 급등정지후 14.48%터치 
도이치모터스 추천후 급등정지후 11.80%터치
한컴위드 추천후 9.92%터치 
썸에이지 추천후 9.23%터치 
휴먼엔 추천후 7.41%터치 등등
open.kakao.com/o/gBKqJkq
요즘 승률이 대박인곳입니다
속보나 뉴스가 나왔을때 한눈에 정리보기좋게 정리된정보를  
입장만하시면 유료1도없이 평생무료정보를 받아보실수있습니다
항상 성투하세요 오늘하루도 수고많으셨습니다|좋은정보감사합니다~전세원앵커님덕에 오전이 항상 상쾌하네요 깔끔한진행  프로다운모습항상응원합니다🙆‍♀️"
,퇴근길 꼭 봐야할 내일장 공략주 /  성공투자 오후증시 / 한국경제TV,2021. 4. 19.,http://www.youtube.com/watch?v=HndJAMa84v4,"조회수 27,611회",좋아요 460개,싫어요 12개,"감사합니다~|감사합니다|테크윙|터키같이 현재 외환위기 국가에 들어가서 헐값에 거래되는 실물자산(부동산, 농업.수산자원, 지하자원, 기업 등) 싸게 사두는 것도 큰 돈벌 될듯하다"
,퇴근길 종목구조대 / 퇴근길 꼭 봐야할 내일장 공략주 / 성공투자 오후증시 / 한국경제TV,2021. 4. 19.,http://www.youtube.com/watch?v=HndJAMa84v4,"조회수 4,053회",좋아요 79개,싫어요 2개,효성 중공업  공매도 재개되면 괜찮을까요
,오늘장 한 장으로 끝내기! 증권주 매력 속 주목해야 할 증권주  TOP3/이상로의 빨간주식/트레이딩핫타임/한국경제TV,2021. 4. 19.,http://www.youtube.com/watch?v=HndJAMa84v4,"조회수 3,114회",좋아요 52개,싫어요 1개,"감사합니다|메리츠증권은 시총에 비해서 엄청나게 저평가되어 있음. 매수 ok!|정성으로 올려주신 고급정보 감사합니다
여기도 유익하지만 제가 정보공유받는 방에서도 
4월20일 한국파마 추천후 상한가 
에이티넘인베스트 추천후 급등정지후 14.48%터치 
도이치모터스 추천후 급등정지후 11.80%터치
한컴위드 추천후 9.92%터치 
썸에이지 추천후 9.23%터치 
휴먼엔 추천후 7.41%터치 등등
open.kakao.com/o/gBKqJkq
요즘 승률이 대박인곳입니다
속보나 뉴스가 나왔을때 한눈에 정리보기좋게 정리된정보를  
입장만하시면 유료1도없이 평생무료정보를 받아보실수있습니다
항상 성투하세요 오늘하루도 수고많으셨습니다"
,김현석 前뉴욕특파원이 말하는 주식 꿀팁! 국내 주식 아이디어는 '미국 주식'에서 나온다!/김현석의 핫소스/트레이딩핫타임/한국경제TV,2021. 4. 19.,http://www.youtube.com/watch?v=HndJAMa84v4,"조회수 3,535회",좋아요 88개,싫어요 7개,"기사 잘 보고 있습니다 ㅎㅎㅎ|김현석 기자님 여기서 뵈니 더 반갑습니다. 항상 기자님 인사이트에 큰 자극을 받습니다.|김현석 기자가 메인하는게 목소리나 지식에서 나아보이네요. 아주머니는 좀;|유튜브  리딩방까주는남자 라고있는데 작정하고 리딩방 정보 공개하고 있습니다ㅋㅋㅋㅋ|미장 지수만 오르지 주식들은 폭락인데|기사 잘 읽고있습니다 이렇게 보니 반갑네요|대체 뭐냐 ㅋ|유튜브  리딩방까주는남자 라고있는데 작정하고 리딩방 수익 전부 공개 영상!!ㅋㅋㅋ|어제 나스닥이 많이 빠져서, 국내 증시에 대해서 걱정을 많이 햇는데 생각보다 흐름이 너무 좋아서 다행이였네요 ㅎㅎㅎ 개인적으로 건설주들을 보고있었는데, 불사조님 언급한 이야기도 그렇고 아직까지는 미국 증시가 폭락이 나오지 않는 이상, 국내 증시의 체력은 든든해 보입니다. ㅎㅎ 오늘도 영상 잘 보았습니다. ㅎㅎㅎ|윤자경님의 핫소스에서 우리의 글로벌증시 사부님을 뵈니 너무 좋습니다!!!|부화뇌동의 왕 헛똑똑이"
,미국 빅테크 실적전망 비트코인과 같이 움직이는 테슬라 주가?(이진우)/ 주식경제 이슈분석 / 한국경제TV,2021. 4. 19.,http://www.youtube.com/watch?v=HndJAMa84v4,"조회수 8,494회",좋아요 170개,싫어요 10개,"ㅋㅋㅋㅋㅋㅋㅋ웃고갑니다|사회자형 지독한 쌉비관자|두분 말씀잘 들었습니다 여러모로 참고하겠습니다|유동성 장에서 기술적 분석이나 기본적인 실적체크는 별 의미 없더라고요... 비트코인 다음으로 어디서 파티할지 지켜보고 있는데, 저는 올해 1월부터 계속 갈수록 투자금 비중을 줄이고 있습니다.|최악이다... 테슬라 결론 어쩌라구??? 시간낭비다|파이코인
 1 주 전 비트 코인 '처럼 ""나 그거 들어 본적있어!""하고 후회하지 마시고 길더라도 읽어 주셔요 ~ ^^ 돈 전혀 들지 않습니다. 조금만 알아 보시면 찐이 란걸 주식하시는 분들이라 아실 겁니다. 설사 실체가 없더라도 많은 사람이 찾게되면 가격은 오릅니다. 그게 지금의 비트 코인입니다.'휴대폰 '으로 채굴하는 디지털 화폐! 5 년 뒤엔 제 2의 비트 코인, 이더 리움이 될지 모름니다.
 비트 코인이 처음 출시 된 2009 년에는 매일 50 개를 무료로 채굴 할 수있었는데. 사람들은
  가치가 없다고 생각했지만 지금은
 현재 7천만원 정도에 거래되고 있습니다.
 2014 년 이더 리움이 처음 출시되었을 때도 하루에 30 개씩 무료 채굴이
 여전히 가치가 없다고 생각 했었습니다. 또한 가치가 없다느껴 비트코인 수천개를 피자랑 바꾼 사람도 있습니다.
 1 년반 만에 전세계 천만명 이상 가입.세계 경제에 큰 변화를 몰고 올 디지털화폐 ""파이 코인""을 소개합니다.-채굴 비용이 전혀 없슴.-시간이 거의 들지 않슴. (하루 10 초 정도)-현재 천만명  이상으로 전세계 가장 많은 사람들이 소유함. (화폐의 가장 기본적인 조건) 가입 자체가 플랫폼 확장에 기여하므로 실시간 무료로 코인이 적립. 앱을 깔고 하루 1 번 체크 만하면 됩니다. 스마트 폰 채굴 방식으로 쉽고, 하루 한번 눌러주고 꺼 두어도 채굴이되고 배터리 소모도 전혀 없슴
 머지않은 미래에 시공간의 제약을 뛰어 넘는 글로벌 모바일 디지털화 생태계를 만들게 됨으로써 파이 코인이 다양한 서비스 / 물품 매매 / 결제 수단으로 통용 될 것으로 예상합니다. 메인 넷 활성화 2021 년말 예정. 구글 play 스토어에서

 Pi Network

 혹은
  ""파이 코인"" 검색 하시고 앱 다운 받으시면됩니다.
 https://play.google.com/ store / apps / details? id-com.blockchainvaul t 코인 채굴 속도가 두 사람이 같은 비율로 (25 %) 증가합니다.
 생각보다 전혀 어렵지 않습니다.
 단, 2분 정도의 시간 투자만 하시면 됩니다.
 추천인이 채굴을 안하면 상대방도 추가 채굴 속도가 주어지지 않으므로 추천인 선정도 중요합니다

 다운로드..
 minepi.com/hair1004

  ☆ 추천 코드.
        hair1004|유튜브  리딩방까주는남자 라고있는데 작정하고 리딩방 수익 전부 공개 영상!!ㅋㅋㅋㅋㅋ"
,10분 안에 당신을 사로잡을 종목! 에프엔에스테크 VS KTH/박우신의 뜨거운10분/트레이딩핫타임/한국경제TV,2021. 4. 19.,http://www.youtube.com/watch?v=HndJAMa84v4,"조회수 3,135회",좋아요 49개,싫어요 6개,"KTH  최고다|에프엔에스테크 PER 11.8정도입니다|정성으로 올려주신 고급정보 감사합니다
여기도 유익하지만 제가 정보공유받는 방에서도 
4월20일 한국파마 추천후 상한가 
에이티넘인베스트 추천후 급등정지후 14.48%터치 
도이치모터스 추천후 급등정지후 11.80%터치
한컴위드 추천후 9.92%터치 
썸에이지 추천후 9.23%터치 
휴먼엔 추천후 7.41%터치 등등
open.kakao.com/o/gBKqJkq
요즘 승률이 대박인곳입니다
속보나 뉴스가 나왔을때 한눈에 정리보기좋게 정리된정보를  
입장만하시면 유료1도없이 평생무료정보를 받아보실수있습니다.
항상 성투하세요 오늘하루도 수고많으셨습니다."
,유니드/앵커의 눈/최성민의 빅샷/한국경제TV,2021. 4. 19.,http://www.youtube.com/watch?v=HndJAMa84v4,"조회수 3,269회",좋아요 88개,싫어요 1개,"감사합니다|유니드오늘들어갔는데
잘못한건가요?|이런 종목이 있다는걸 이제야알았네요ㅠ"
,의류업 대장주/기관의 눈/최성민의 빅샷/한국경제TV,2021. 4. 19.,http://www.youtube.com/watch?v=HndJAMa84v4,"조회수 9,142회",좋아요 181개,싫어요 4개,감사합니다 ^^|금년도는 친환경주 가지고만가도 20퍼는 먹을듯|감사합니다 기쁨과 건강을 기원드려요^^|유튜브 리딩방까주는남자라고 있는데 작정하고 리딩방 정보 공개 중.!! ㅋ
,의료AI 제이엘케이/CEO의 눈/최성민의 빅샷/한국경제TV,2021. 4. 19.,http://www.youtube.com/watch?v=HndJAMa84v4,"조회수 3,189회",좋아요 68개,싫어요 2개,"감사드립니다 ^^|주식은 오ㅐ 계속 떨어지니요ㅠㅠ|의사가 없어지는게 아니고 의사가 유능한 조수를 두는거니 모두가 윈윈하는거네요. 
정부는 의보수가에 적용한다든지
의료법 개정등 적극적인 도움을 주기를 기대한다.
회사는 해외 의료 후진국에 적극적으로 마케팅 하기를 기대해봅니다"
,스푸티니크V부터 모더나 백신까지 국내 CMO기업 주목받는 이유(정윤택)/ 주식경제 이슈분석 / 한국경제TV,2021. 4. 19.,http://www.youtube.com/watch?v=HndJAMa84v4,"조회수 7,606회",좋아요 132개,싫어요 4개,"한미약품 모더나 생산 갑시다|백신 주권은 없군.
엽집 형이 컵에 따라주는 콜라 마시다가
이젠 니가 따라서 마셔라는 말에
컵 하나만 준비한격이네요.|➡️ cams.downloadz.to ⤵️
 
 
 
B.e.S.T f'u""l'l D.a.T.i.n.G h.o.T G.i.r.L's
 
—L—o—V—e—S—e-X———❤️😘
 
..👍
 
!💖🖤❤️今後は気をライブ配信の再編ありがとうです！この日のライブ配信は、かならりやばかったですね！１万人を超える人が見ていたもん（笑）やっぱり人参最高！まさかのカメラ切り忘れでやら1かしたのもドキドキでした,.
 
 💖🖤在整個人類歷史上，強者，富人和具有狡猾特質的人捕食部落，氏族，城鎮，城市和鄉村中的弱者，無`'守和貧窮成員。然而，人類的生存意願迫使那些被拒絕，被剝奪或摧毀的基本需求的人們找到了一種生活方式，並繼續將其DNA融入不斷發展的人類社會。.
 
 說到食物，不要以為那些被拒絕的人只吃垃圾。相反，他們學會了在被忽視的肉類和蔬菜中尋找營養。他們學會了清潔，切塊，調味和慢燉慢燉的野菜和肉類，在食品市場上被忽略的部分家用蔬菜和肉類，並且學會了使用芳香的木煙（如山核桃，山核桃和豆科灌木 來調味g食物煮的時候 1618830216"
,외국인 4월 수급 분석 공매도 재개 시 포지션 전망 / 한국경제TV / 증시라인,2021. 4. 19.,http://www.youtube.com/watch?v=HndJAMa84v4,"조회수 9,856회",좋아요 230개,싫어요 6개,"감사합니다|DMS 4% 또 수익내고 나왔습니다~
현 포트구성
삼전, 레버리지, 코스닥 레버리지, 아이씨디, 동아엘텍   올 수익권
일주일 3% 이라이콤 도 화이팅👍|3프로 수익 
갓선형 대표님  너무나 감사드립니다^^|감사합니다|저번주 일주일3프로 또 성공!!!대표님 추천하는 회사는 다 좋은회사라서 포트에 없어도 계속 리스트만들고 있어요~|재밌는데 외국인들 공매도 재개 하나요...|에스티팜 감사합니다|당일 고가 기준이라는 자체가 갓선형이라는 말이 절로 나오네ㅎㅎ|대표님 감사드립니다|공매도 세력 실패의 역사|셀트리온 헬스케어
보유가 맞다 계속 믿고 투자하다가
망했습니다
저 아래 매수를 맨날 이야기 함 뭐합니까
최소 2,3개월 전도 좀 봐줘야 하는 거 아닌가요?|유튜브  리딩방까주는남자 라고있는데 작정하고 리딩방 수익 전부 공개 영상ㅋㅋ|5월부터 시작될 공매도에 대한

 걱정을 하시는 주식투자자분들에게

 조금이나마 도움이 되었으면...

하는 바램입니다.


☆ 내 주식을 공매도에 이용되지 않게 하는 방법

*삼성증권
​
메뉴-뱅킹대출-대여-대여거래신청/해지
​
위에처럼 대여거래등록여부 미등록되어 있으면 OK
​
신청 되어 있을시 해제
​
​
*KB증권
​
뱅킹/대출-대여-주식/해지
​
​
*대신증권
​
온라인지점-대차중개서비스-주식대여 서비스 신청/해지
​
​
*한화증권
​
MRS : 왼쪽 하단에 '주식'-계좌잔고-주식대차거래-대차거래 신청/해지-비번 넣고 약정여부 조회/변경
​
​
*한국투자증권
​
HTS에서 메뉴상단에 인터넷뱅킹-신용/대출/대여약정신청/해지/변경에서 가능
​
​
*나무증권
​
메뉴-계좌/이체/청약/대출-대출/신용-대여풀서비스신청에서 해지
​
*키움증권
​
영웅문 화면 상단에 '주식대여'-[1658] 대여계좌 신청/해지-대여계좌 해지
​
*NH투자증권
​
HOME버튼-왼쪽하던 전체메뉴 클릭-우측상단 계좌/이체청약/대출클릭-좌측 대출/신용 클릭-대여풀서비스 신청/내역-미신청이면 완료
​
*미래에셋증권
​
뱅킹/자산-주식대여-대여 신청/해지-등록되어 있으면 해지
​
*하나대투
​
1.HTS : 왼쪽 상단에 0535입력-비번 넣고 조회 누르면 계좌 나오고 약정 여버 조회/변경가능
​
2.MTS : 왼쪽 하단에 '주식' 누르고 -메뉴 검색에서 '대차'라고 입력하면 검색-비번넣고 약정 여부 조회/변경
​
​
​
전화로 대차해지 요청시
​
​
​
동부증권 : 1588-4200
​
미래에셋 : 1588-9200
​
교보증권 : 1544-0900
​
신한증권 : 1588-0365
​
대신증권 : 1588-4488
​
신흥증권 : 080-7733-080
​
우리투자증권 : 1544-0000
​
유화증권 : 02-566-5522
​
이트레이드증권 : 1588-2428
​
키움증권 : 1544-9000
​
하나대투증권 : 1588-3111
​
한국투자증권 : 1544-5000
​
한양증권 : 1588-2145
​
대우증권 : 1588-3322
​
유안타증권 : 1588-2600
​
리딩투자증권 : 02-2009-7004
​
부국증권 : 1588-7744
​
골든브릿지투자증권 : 1566-0900
​
삼성증권 : 1588-2323
​
신영증권 : 1588-8588
​
CJ투자증권 : 1588-7171
​
HMC투자증권 : 1588-6655
​
KGI증권 : 02-3770-9200
​
KB투자증권 : 1599-7000
​
한화증권 : 1544-8282
​"
,환인제약의 레아길라...시판 가능성 높은 이유 / 공진단 / 한국경제TV,2021. 4. 19.,http://www.youtube.com/watch?v=HndJAMa84v4,"조회수 2,339회",좋아요 37개,싫어요 없음,제발 조현병이 완치 되는 신약이 나오기를 간절히 바랍니다.
,"美 물가 상승 본격화 예상, 코스피 3200 안착 키는 '외국인' / 강영현의 진짜전략 / 한국경제TV",2021. 4. 19.,http://www.youtube.com/watch?v=HndJAMa84v4,"조회수 5,266회",좋아요 110개,싫어요 5개,올릭스 분석부탁드려요|매수는 사라는이야기일텐데 보유는 어떤 의미인가요?|유튜브  리딩방까주는남자 라고있는데 작정하고 리딩방 수익 전부 공개 영상.ㅋㅋㅋㅋ
,"주요 필수소비재 기업(코카콜라, P&G, 치폴레) 예상 실적은? / THE PULSE  / 한국경제TV",2021. 4. 19.,http://www.youtube.com/watch?v=HndJAMa84v4,"조회수 1,322회",좋아요 25개,싫어요 3개,"와~수현님 오늘 너무 아름답네요. 봄봄봄 봄이 왔어요~배당주는 정말 매려적이에요
신나는 한 주 되세요~|수현이누나 늘응원합니다♡♡|이쁘당|심쿵지수 2억포인트 돌파|너무이쁘심|한국경제에서   미국주식소개해주는  코너는  여기밖에  없군요  ㅠㅜ|유튜브  리딩방까주는남자 라고있는데 작정하고 리딩방 수익 전부 공개 영상.ㅋㅋ"
,"[한상춘의 지금세계는] 비트코인 20% 순간 폭락, 이틀 새 무슨 일?… 코인개미, 3000% 대박 꿈 무너지나? / 한국경제TV",2021. 4. 19.,http://www.youtube.com/watch?v=HndJAMa84v4,"조회수 45,647회",좋아요 621개,싫어요 65개,
,어제장 놓쳐선 안됐을 미국주식 오늘장 놓칠지도 모르는 한국주식 오늘장 관심주 : 코스맥스 / 한국경제TV,2021. 4. 19.,http://www.youtube.com/watch?v=HndJAMa84v4,"조회수 1,618회",좋아요 26개,싫어요 없음,"ㅋㅋㅋㅋ재미있으심|유튜브  리딩방까주는남자 라고있는데 작정하고 리딩방 정보 공개하고 있습니다.ㅋ|최근 화장품주에 대해서 관심을 가지고 있었고, 그중 아모레퍼시픽과 코스맥스를 유심히 보고있었는데, 실적 뉴스를 보니 더욱 믿음이 가네요 ㅎㅎㅎ 불사조님 덕분에 관심이 없던 화장품 주식들을 더 챙겨 보았는데, 이렇게 좋은 결과를 주니 기쁩니다 ㅎㅎ 오늘도 영상 잘 보고갑니당 ^^~~|유튜브  리딩방까주는남자 라고있는데 작정하고 리딩방 수익 전부 공개 영상.ㅋㅋㅋㅋ|유튜브  리딩방까주는남자 라고있는데 작정하고 리딩방 수익 전부 공개 영상!!ㅋㅋㅋ"
,코인베이스 상장으로 보는 ‘가상화폐 전망’ / 글로벌금융 투자센터 / 한국경제TV,2021. 4. 19.,http://www.youtube.com/watch?v=HndJAMa84v4,"조회수 2,459회",좋아요 45개,싫어요 2개,고마워요|유튜브  리딩방까주는남자 라고있는데 작정하고 리딩방 수익 전부 공개 영상!!ㅋㅋㅋ
,반도체 후공정 장비주를 노려라 / 선택! 오늘의종목 / 한국경제TV,2021. 4. 19.,http://www.youtube.com/watch?v=HndJAMa84v4,"조회수 19,973회",좋아요 488개,싫어요 8개,"항상 부장님 따라 다니며 듣고있는 주린이 입니다 많은도움 감사드리고 건강하세용^^|부장님 감사합니다|믿을만 하신 박부장님|신뢰하는분|감사드립니당|안녕하세요 박병창부장님|고마워요!|감사합니다|흙 속의 진주, 내공이 대단하신 박선생님 그런데 왜 시분할 데이트레이딩 개정판 출간을 더이상 하지 않으시고 품절 상태도 두시나요? 시분할 데이트레이딩 중고책 구매하려면 5만원 이상임|언제 방송인가요?|방송인들보다 방송 더 잘하시는분|이분정말 깊이와 내공이 남다름  찐 능력자!!
 박병창이사님 사랑합니다♡|지난 3개월동안 기관은 개미한테 30조 넘는 물량을 떠넘겼습니다.
곱버스 개미들에 수익주기 싫어 지수를 유지하며 교묘하게 떠넘겼죠. 왜냐? 외인들과 함께 5월 공매도에 개미들 아작을 내려는 것입니다
현찰 준비하세요. 곧 대폭락 옵니다"
,오늘장 놓쳐선 안 될 당신이 잠든사이 일어난 해외 이슈 7 / 출근전 꼭 봐야하는 글로벌 이슈 / 한국경제TV,2021. 4. 19.,http://www.youtube.com/watch?v=HndJAMa84v4,"조회수 71,696회","좋아요 1,623개",싫어요 38개,"박고운 캐스터님 오늘도 좋은 내용 감사 ^^|월요일 출근길...고맙습니다|10:40|앙 꺄끄띠|감사합니다 !|고마워요!|우당탕 ㅋㅋ|잘보고 있습니다. ☺️|정보 감사합니다.ㅎ|잘 시청하겠습니다. 감사합니다.^^|감사합니다|처음 구독했는데 정말 유익하고 재미도있네요 ^^ 감사합니다|저 남자는 맨날전날 술먹는거 아닌가|고운이 누나 짱 ♡|좋은내용 감사합니다|ㅋ
ㅔ|앙 꺄끄띠 ㅋㅋㅋㅋㅋ|알런 머스크 때문에 도지로 물린사람 많겠군|와장창|땡    큐   
전세원씨 잘해요|좋은 뉴스 감사합니다. 즐거운 한주 되시고요.|8:55 누구 의자에서 떨어짐? ㅋㅋ|질주하는 일론머스크. Go Ark!
신나는 한 주되세요~|박찬희개스터는 아주 미남이심니다 잘하시구|박고운씨는 꽃밭에서 놀아요 아가씨들속에 좋겠습니다|고맙습니다|★★★★코인판흔들기|잠을 얼마나 잤길래.. 잠든사이뉴스가 2일전뉴스죠 ㅋㅋㅋ|오늘도 고맙고 감사하게 듣고 잇습니다  고맙 습니다|유튜브  리딩방까주는남자 라고있는데 작정하고 리딩방 수익 전부 공개 영상.ㅋㅋㅋㅋㅋ|어떻게 매번 한번도 비트코인에 대한 얘기는 빼놓지 않고 떠들어대나?
이젠 지겹다 고만햇음 고맙겟다.|세원이 눈나.. 오늘도 이쁘당|코인베이스가 나스닥 상장 한다고 하니 아무리 규제가 생긴다해도 한번 코인에 관심가져 볼만 하겠네요..ㅎㅎ 
주식은 불사조님 덕분에 작년에 괜찮게 했는데. 코인은 소액으로 하면서 슬슬 관심 가져봐야겠어용~|늘 고생이 많으십니다. 고맙습니다|유튜브  리딩방까주는남자 라고있는데 작정하고 리딩방 수익 전부 공개 영상!!ㅋㅋㅋ|생각 좀 하고 보도하세요 터키때문에 비트코인이 하락한게 아니에요 ㅋㅋㅋㅋㅋㅋ 개가 웃겠네|아나운스로서의 내용 전달에 가장 적합한 목소리는 박찬휘, 전가은
박xx 캐스터는 비음이 너무 거슬려서"
,암 치료기기의 혁신 중성자포획치료 장비 개발 기업 다원메닥스 유무영 대표 / 혁신성장코리아 / 한국경제TV,2021. 4. 17.,http://www.youtube.com/watch?v=HndJAMa84v4,"조회수 18,364회",좋아요 555개,싫어요 18개,
,"[경제전쟁 꾼 7회] 가상화폐 광풍, 코스피 거래액 추월",2021. 4. 16.,http://www.youtube.com/watch?v=HndJAMa84v4,"조회수 1,042,166회","좋아요 11,705개",싫어요 746개,"근데 희한하게 한국경제 이놈들은 주식도 그렇고 항상 상투근처에서 종목추천해서 방송보고 따라 들어간 개미들 다 고점에 쳐물리게 함, 그런데 이젠 비트코인 마져.., 그래서 때때로 이놈들은 투자정보 방송인가 아니면 기관,세력들의 삐끼, 쪼찡인가 의구심이 들때가 많음|뭐든지 일찍하는사람이 이김.|토론장에 존리분같은 생각이 다른 사람도 초청해서 토론해 주세요.  같은 생각의 사람끼리  하는 토론은 비판 또는 합리화의 일방적토론장이 됩니다.|금리가 낮으니 부동산광풍 불다가 규제 심해지니까 너도 나도 주식과 비트코인 들어가네..|반대편 논리를 펴는 분도 있었으면 더 좋았을것|황현희씨 되게 질문들이 날카로움..개미들 입장에서 궁금해 할만한 질문들 잘 캐치하는 느낌...|사실상 지금 가상화폐판은 일확천금을 향한 광기로 돌아가는 곳임.|지금 들어가면 투기꾼들 물량 받이 된다 절대 사지마라 비트코인|코인 아니면  인생역전의 기회가 별로없는게 현실...|리스크없는 투자는 없다.|이런게 나오면 역시 고점 시그널인가요 ㅠ|이 영상 보고 뭔가 묘하게 불안하다 싶드라..... 영상나오자마자 떡락.... 진짜 묘하다|ㅋ 황현희 살기 힘들겟다....2억4천짜리 자장면,.,,.
역시 뼈개그맨다워ㅏ|말이 투자지 그냥 바카라랑 다를게 없다|44:00 황현희, 비트코인으로 짜장면 사먹은 썰|황현희씨다시봤어요ㅋㅋ진행굿|13:13 황현희 선수의 INSIGHT|확실한건 우리같은 사람들 귀에까지 들어오면 이미 늦었다는거ㅋㅋ|24시간 글로벌 도박장 비트코인|현희 거기서 왜나와? ㄷㄷㄷ|4050이 지금들어가서 먼저 선점한2030에게 자산을 나누어 주는구조로 가는군. 2030신흥 부자들 축하해요|핵심은 투기 돈 세탁 !!|ㅋㅋㅋㅋ 창원황씨 일인 웃고갑니다...|라고할때 이더리움 살걸.. 
이떄만 샀어도 이미 35%는 먹었겠네|세상에 똑똑한 사람들 참 많구나..|투자는 하되 앞으로 규제가 더 있을 수 있다는 걸 명심하면 될거 같습니다.|황현희씨.
지금도 안 늦었어요.
자신이 출현한 방송을 nft로 만들어서 판매하세요.|강원랜드 카지노ㅡ가상화폐|현상황이 득이 될지 실이 될지는 그떄가 돼봐야 아는거지
일단 남탓하는거 좋아하는 놈들은 절대 하지마라. 돈 잃고 무슨짓 할 지 모른다|비트코인에 공부가 어딨냐 ㅋㅋㅋㅋㅋㅋㅋㅋ
오르면 호재를 찾아다 붙이고
내리면 악재를 찾아다 붙이는거지|이해하기 쉽고 재밌네요
유익해요|다단계인가|폭락할때 걸어두세요. 사면 진입 못사면 팔자|김프 자켓 이쁘다|코인 눈물 ㅜㅠㅠ|황현희님 오랜만이네요 ㅎㅎ|와...100퍼 공감합니다. 주식과 달리 코인 시작한 이래로 1희1비한 삶이 되어버렸네요. ㅎㅎㅎ 그리고 김형중 교수님~ 존경합니다!!!|요즘 관심가지고 있던 주제인데 재밌게 풀어주셔서 감사해요~|티비까지 나왔으면 피날레가 코앞에 왔다는거져~|CBDC와BITCOIN중어느것을앞으로사용해야할까요?1115"
,"전광우 前 금융위원장 ""한국경제 성장, 자만해서는 안돼""",2021. 4. 16.,http://www.youtube.com/watch?v=HndJAMa84v4,"조회수 1,667회",좋아요 17개,싫어요 3개,"경제 폭망 직전아닌가?|항상 조심에 조심을 해야겠지요. 막대한 힘이 생겼으니 이제 문제는 이 힘을 어떻게든 지켜내고 더 키우는것이지요|선진국은 늘 위기감, 긴장감을 놓지 않는다  가만은 몰락이고 파멸이다  노력 하고 또 노력 해야 한다.|오늘, 삼성전자(우) 특별배당금 5000만원 정도 받아 
소고기 사 묵는중~~^^ ㅎㅎ

17억 투자로 배당금 5000만원 정도 나와 미래를 위해 ● 삼전(우) 5000만원 재투자 했음

아직 재투자 못한 분들은 월요일
삼성전자(우)에 재투자 하시길~

● 우선주가 보통주 보다 약 1만원 저렴해 많이 살수 있어 
우선주 배당이 약 12% 더 많음
-->장기투자시, 우선주 배당은 더욱 많아짐"
,퇴근길 꼭 봐야할 내일장 공략주 / 다음주 공략주 /  성공투자 오후증시 / 한국경제TV,2021. 4. 16.,http://www.youtube.com/watch?v=HndJAMa84v4,"조회수 3,319회",좋아요 60개,싫어요 없음,감사합니다|23ㄴ|유튜브  리딩방까주는남자 라고있는데 작정하고 리딩방 수익 전부 공개 영상!!ㅋㅋㅋㅋㅋ
,퇴근길 꼭 봐야할 글로벌 이슈 / 내일장 공략주 / 다음주 공략주 / 성공투자 오후증시 / 한국경제TV,2021. 4. 16.,http://www.youtube.com/watch?v=HndJAMa84v4,"조회수 2,256회",좋아요 37개,싫어요 없음,
,미국 국채 매입 늘리는 일본·중국 연준 테이퍼링도 빨라질 수 있다?(김일구)/ 주식경제 이슈분석 / 한국경제TV,2021. 4. 16.,http://www.youtube.com/watch?v=HndJAMa84v4,"조회수 52,599회",좋아요 943개,싫어요 33개,"일구님 눈썹이 다시 자연스러워졌네요 ㅎㅎ 예뻐요|일구님 머리스타일 많이 바뀌셨네요|상무님 퍼머하셔서 젊어지셨네|페드에 맞서지 말라. 멀었다면 멀었습니다.|감사합니다|전 해산물 식당을 해서
장어 양념구이 직원들과
맛있게 구워먹었습니다
매달 수익금은 삼전에 투자하고 있습니다 
삼전을 믿기에
배당금 3백이상 받았네요
부자오빠님 덕분에 
많이 모아가고 있습니다|내용 좋네요. 굿|야 이 짧은 시간에 이슈를 다 털어버리네. 두분 멋져요.ㅋㅋ|제발 연준을 믿어라 가벼운 노이즈 거릅니다 ^^|지금.중공이.대만을.침공해서.반도체.공장을.확보
하려하고있습니다|유튜브  리딩방까주는남자 라고있는데 작정하고 리딩방 수익 전부 공개 영상!ㅋㅋㅋㅋ|언제나 간명하고 객관적인 분석
감사드립니다|항상 핵심을 짚어서 정리해주시는 일구님 감사합니다. 종합적으로 상황을 보고 판단해주셔서 믿고 봅니다. 무조건 비관도 긍정도 없이 팩트에 기반한 고견 감사합니다.|경제가 회복되면 오히려 주가는 떨어짐 지금까지 악재에 올렸으니 호재에 내림 과거에 늘 그래왔음!! 북한은 미국한 테 뚜까 맞을듯 6월 혹은 7월 조심하시길~~|한국 대기업에 대한 규제 완화가 필요한 이유.|일본정상과 대화후 한국정상.. 타임라인 현실. 잘모르면 조용히 합시다.|참 웃기는 진행자,  결과가 나왔는데 묻고 있네|하루 빨리 미국장이 조정이 끝나고 예전처럼 좋아지면 좋겠네요.
요즘  너무 주식시장이 좋지 않네요.  바이든이 돈을 많이 풀었는데도... 좋지 않네요.|김상무님은 전체적으로 분석은 잘 하시는데... 그러나 
미국 금리를 상반기초반부터 계속 상승으로 고집했죠, 너무 보수적 의견으로 크게 실수 한것임.
연준은 계속 컵에 물이 넘칠때전까지는 금리정책은 그대로 하겠다 했지요
연준을 믿으라는 버핏말도 있는데...

주변 주린이들의 칭찬에 방심하지 마시길..|맨날 틀리는 부정론자 나오셨네~
ㅋㅋㅋ|파이코인
 1 주 전 비트 코인 '처럼 ""나 그거 들어 본적있어!""하고 후회하지 마시고 길더라도 읽어 주셔요 ~ ^^ 돈 전혀 들지 않습니다. 조금만 알아 보시면 찐이 란걸 주식하시는 분들이라 아실 겁니다. 설사 실체가 없더라도 많은 사람이 찾게되면 가격은 오릅니다. 그게 지금의 비트 코인입니다.'휴대폰 '으로 채굴하는 디지털 화폐! 5 년 뒤엔 제 2의 비트 코인, 이더 리움이 될지 모름니다.
 비트 코인이 처음 출시 된 2009 년에는 매일 50 개를 무료로 채굴 할 수있었는데. 사람들은
  가치가 없다고 생각했지만 지금은
 현재 7천만원 정도에 거래되고 있습니다.
 2014 년 이더 리움이 처음 출시되었을 때도 하루에 30 개씩 무료 채굴이
 여전히 가치가 없다고 생각 했었습니다. 또한 가치가 없다느껴 비트코인 수천개를 피자랑 바꾼 사람도 있습니다.
 1 년반 만에 전세계 천만명 이상 가입.세계 경제에 큰 변화를 몰고 올 디지털화폐 ""파이 코인""을 소개합니다.-채굴 비용이 전혀 없슴.-시간이 거의 들지 않슴. (하루 10 초 정도)-현재 천만명  이상으로 전세계 가장 많은 사람들이 소유함. (화폐의 가장 기본적인 조건) 가입 자체가 플랫폼 확장에 기여하므로 실시간 무료로 코인이 적립. 앱을 깔고 하루 1 번 체크 만하면 됩니다. 스마트 폰 채굴 방식으로 쉽고, 하루 한번 눌러주고 꺼 두어도 채굴이되고 배터리 소모도 전혀 없슴
 머지않은 미래에 시공간의 제약을 뛰어 넘는 글로벌 모바일 디지털화 생태계를 만들게 됨으로써 파이 코인이 다양한 서비스 / 물품 매매 / 결제 수단으로 통용 될 것으로 예상합니다. 메인 넷 활성화 2021 년말 예정. 구글 play 스토어에서

 Pi Network

 혹은
  ""파이 코인"" 검색 하시고 앱 다운 받으시면됩니다.
 https://play.google.com/ store / apps / details? id-com.blockchainvaul t 코인 채굴 속도가 두 사람이 같은 비율로 (25 %) 증가합니다.
 생각보다 전혀 어렵지 않습니다.
 단, 2분 정도의 시간 투자만 하시면 됩니다.
 추천인이 채굴을 안하면 상대방도 추가 채굴 속도가 주어지지 않으므로 추천인 선정도 중요합니다

 다운로드..
 minepi.com/hair1004

  ☆ 추천 코드.
        hair1004|비관론자 언젠가 맞겠지 ㅋㅋㅋㅋ|오늘, 삼성전자(우) 특별배당금 5000만원 정도 받아 
소고기 사 묵는중~~^^ ㅎㅎ

17억 투자로 배당금 5000만원 정도 나와 미래를 위해 ● 삼전(우) 5000만원 재투자 했음

아직 재투자 못한 분들은 월요일
삼성전자(우)에 재투자 하시길~

● 우선주가 보통주 보다 약 1만원 저렴해 많이 살수 있어 
우선주 배당이 약 12% 더 많음
-->장기투자시, 우선주 배당은 더욱 많아짐|누누히 말하지만 정치색지닌 언론사의 경제뉴스는 아예 볼필요가 없다.
돈벌고 싶으면....
차라리 외신을 봐라~! 
요즘엔 유투브에 관련영상이 많으니 그런거 찾아서 보는게 투자에 훨씬 도움된다.
정치색지닌 언론사의 경제뉴스 보고 투자하면 100%망한다."
,"주식으로 돈 벌려면 ""주식을 보지 마라""/김한진의 핫소스/트레이딩핫타임/한국경제TV",2021. 4. 16.,http://www.youtube.com/watch?v=HndJAMa84v4,"조회수 40,620회",좋아요 865개,싫어요 38개,"진행자분도 마찬가지로 오래 하셨을것 같은데 진행이 아쉽네요~|진행이 ^^ 유투브 보다 못...|주식은 나 자신 믿고 단순 하게 한다|많은 도움 받았습니다 감사합니다~|맞는말씀이시네요.전.노예가되어버려서.얼마나힘든지?ㅠㅠ
주린이로서.많이배웁니다!|1 싸게 2 싸게 3 싸게 중간 손해 없습니다|진행자가 20년간 발전이 없었네...|.....시간이 아깝다|좋은 말씀 감사합니다!|진행이. 별로 5g,개인들 많이 물린업종|월봉 기술분석상 크게 한번 꺽어질 시점입니다. 조심하세요. 현금 준비가 답입니다|지금 안바두 될 지수일까요?|정말 궁금해요 ㅎㅅㅊ 논설위원 동영상은 왜 댓글이 중지되었나요? 궁금하신분은 이글에  저도 궁금해요라고 댓글 주세요 ㅋㅋㅋ|작년 코로나 폭락장에서 주식을 해야 할까 망설이 던 중. 신사임당에 출연하신 김한진 박사님의 말씀에 동하여 주식에 입문하게 되었습니다. 이제는 제 평생 꿈꾸지 못하던 큰 부를 이루게 되었습니다. 그 때 말씀하신 ""주식을 해보지 않으면 자신이 소질이 있는 지 알 수 없고, 막상 했을 때 자신과 정말 잘 맞을 수 있다는 말씀"" 그리고 ""주식 시장에 의외로 멍청한 바보들이 너무 많다는 말씀""에 용기를 얻어 시작한 투자로 지금까지 성공적인 투자를 해오고 있습니다. 좋은 기업을 시장 상황에 상관 없이 길게 보유하라는 말씀 정말 공감합니다. 정말 감사드립니다. 조만간 찾아 작은 감사의 표시와 함께 찾아 뵙겠습니다.|싸게 사면 코스피와 상관 없습니다|33년 산전수전 격은 경험 입니다|굶주린이|맞기도하고틀리기도함 ㅋ 게임처럼 하고 쌀때사고 수익일때 까지기다렸다 실현하면돈법니다  절대로 비중 많이하지마시고 적게 여러종목을매매하세요 그럼 돈법니다 제가하는방법입니다|좋은 내용감사합니다! 올해 에 시작한 주린이인데 정말 도움되는내용이네요!ㅎㅎ 요즘 여러유투버로 공부하는데 삼프로하고 불사조님만 보고있습니다. 좋은분들 또 있나용?ㅎㅎ|제약주 바이오 사지않으면 손해본 일 없습니다|분산투자가  위험하다?|아녀여 박사님,  밥을 마니 해봐야 밥짓기 잘하는 것 처럼 , 주식 종목 여러개 분산투자 해보니 오히려  리스크 적습니다.
 작년 6월 시작한 주린이 경험으로 25종목  분산투자 해서 성공적입니다.  삼성 그룹주 3개, SK 그룹 종 목 4개.현대차 관련 3개,제일제당, 반도체 소재, 장비 회사등 등  수많은 우수 종목중  어찌 두세개로 담아서 실력 쌓을까여  박사님?|이런소리하는애들특 계좌못깜|배후 세력의 지시와 당신의 이익/계획 위해 떠드는 한국경제 같은 쓰레기 매체 말 듣고 투자하시는 호구는 없죠? 비이성적 한국 장에서 돈 빼서 미국 장에 투자하세요.. 그리고 미국일 경우 주식 안봐도 되지만, 한국 경우 그러면 망합니다|ㆍ|겸손하신 김한진 박사님 최고의 멘토중 한분 이십니다~ 한국경제TV화이팅~|유튜브  리딩방까주는남자 라고있는데 작정하고 리딩방 수익 전부 공개 영상!!ㅋ|한국전력 가스공사 삼성전자 삼성전기  유한양행등 싸게 사면 1년 20% 먹습니다 따라 가지 마십시오|진행자가 귀한분 모시고 준비가 미흡해서 보는 내내 답답합니다. 통계자료도 없이 두리뭉술하게 말하고 유투버 댓글다는듯한 질문에 한심합니다.|주식은 자동차경주가 아니다. 가장 느린사람이 최후의 승자가 되듯이  다른 게임이나 스포츠는 다 빠르게 달리고 먼저도착해야 승자가 됩니다. 그런데 주식은 가장 느리게 가는자가  모든 부을 차지합니다.|오늘, 삼성전자(우) 특별배당금 5000만원 정도 받아 
소고기 사 묵는중~~^^ ㅎㅎ

17억 투자로 배당금 5000만원 정도 나와 미래를 위해 ● 삼전(우) 5000만원 재투자 했음

아직 재투자 못한 분들은 월요일
삼성전자(우)에 재투자 하시길~

● 우선주가 보통주 보다 약 1만원 저렴해 많이 살수 있어 
우선주 배당이 약 12% 더 많음
-->장기투자시, 우선주 배당은 더욱 많아짐|장기투자, 분산투자를 하지말라니... 댁이나 단타치쇼~|유튜브  리딩방까주는남자 라고있는데 작정하고 리딩방 수익 전부 공개 영상!!ㅋㅋㅋㅋ|내공이 느껴집니다 !!
한말씀 한말씀 ~~긴장하며 들었습니다 !!
혹시 힌트 주실라나 해서요 !!


한말씀 한말씀 ~~ 넘 맏는 말씀이십니다 !!|아..쓰레기영상? 정보의질이 최하....가치가없다|●         ●●



서울 구축아파트 핵폭발 상승률은 

♡♡전농sk아파트 30평대♡♡ 

gtx +면목선
지하철역이 정문 

청량리개발 직접호재|유튜브  리딩방까주는남자 라고있는데 작정하고 리딩방 수익 전부 공개 영상ㅋㅋㅋ|유튜브  리딩방까주는남자 라고있는데 작정하고 리딩방 수익 전부 공개 영상!!ㅋㅋㅋ|유튜브  리딩방까주는남자 라고있는데 작정하고 리딩방 수익 전부 공개 영상!!ㅋㅋㅋ|파이코인
 1 주 전 비트 코인 '처럼 ""나 그거 들어 본적있어!""하고 후회하지 마시고 길더라도 읽어 주셔요 ~ ^^ 돈 전혀 들지 않습니다. 조금만 알아 보시면 찐이 란걸 주식하시는 분들이라 아실 겁니다. 설사 실체가 없더라도 많은 사람이 찾게되면 가격은 오릅니다. 그게 지금의 비트 코인입니다.'휴대폰 '으로 채굴하는 디지털 화폐! 5 년 뒤엔 제 2의 비트 코인, 이더 리움이 될지 모름니다.
 비트 코인이 처음 출시 된 2009 년에는 매일 50 개를 무료로 채굴 할 수있었는데. 사람들은
  가치가 없다고 생각했지만 지금은
 현재 7천만원 정도에 거래되고 있습니다.
 2014 년 이더 리움이 처음 출시되었을 때도 하루에 30 개씩 무료 채굴이
 여전히 가치가 없다고 생각 했었습니다. 또한 가치가 없다느껴 비트코인 수천개를 피자랑 바꾼 사람도 있습니다.
 1 년반 만에 전세계 천만명 이상 가입.세계 경제에 큰 변화를 몰고 올 디지털화폐 ""파이 코인""을 소개합니다.-채굴 비용이 전혀 없슴.-시간이 거의 들지 않슴. (하루 10 초 정도)-현재 천만명  이상으로 전세계 가장 많은 사람들이 소유함. (화폐의 가장 기본적인 조건) 가입 자체가 플랫폼 확장에 기여하므로 실시간 무료로 코인이 적립. 앱을 깔고 하루 1 번 체크 만하면 됩니다. 스마트 폰 채굴 방식으로 쉽고, 하루 한번 눌러주고 꺼 두어도 채굴이되고 배터리 소모도 전혀 없슴
 머지않은 미래에 시공간의 제약을 뛰어 넘는 글로벌 모바일 디지털화 생태계를 만들게 됨으로써 파이 코인이 다양한 서비스 / 물품 매매 / 결제 수단으로 통용 될 것으로 예상합니다. 메인 넷 활성화 2021 년말 예정. 구글 play 스토어에서

 Pi Network

 혹은
  ""파이 코인"" 검색 하시고 앱 다운 받으시면됩니다.
 https://play.google.com/ store / apps / details? id-com.blockchainvaul t 코인 채굴 속도가 두 사람이 같은 비율로 (25 %) 증가합니다.
 생각보다 전혀 어렵지 않습니다.
 단, 2분 정도의 시간 투자만 하시면 됩니다.
 추천인이 채굴을 안하면 상대방도 추가 채굴 속도가 주어지지 않으므로 추천인 선정도 중요합니다

 다운로드....
 minepi.com/hair1004

  ☆ 추천 코드
        hair1004"
,오늘장 한 끝 효성티앤씨/이상로의 빨간주식/트레이딩핫타임/한국경제TV,2021. 4. 16.,http://www.youtube.com/watch?v=HndJAMa84v4,"조회수 5,922회",좋아요 85개,싫어요 3개,"오늘, 삼성전자(우) 특별배당금 5000만원 정도 받아 
소고기 사 묵는중~~^^ ㅎㅎ

17억 투자로 배당금 5000만원 정도 나와 미래를 위해 ● 삼전(우) 5000만원 재투자 했음

아직 재투자 못한 분들은 월요일
삼성전자(우)에 재투자 하시길~

● 우선주가 보통주 보다 약 1만원 저렴해 많이 살수 있어 
우선주 배당이 약 12% 더 많음
-->장기투자시, 우선주 배당은 더욱 많아짐|효성티앤씨 좋은 종목이죠|유튜브  리딩방까주는남자 라고있는데 작정하고 리딩방 수익 전부 공개 영상.ㅋㅋ|유튜브  리딩방까주는남자 라고있는데 작정하고 리딩방 수익 전부 공개 영상!!ㅋㅋㅋㅋ|유튜브  리딩방까주는남자 라고있는데 작정하고 리딩방 수익 전부 공개 영상!!ㅋㅋㅋㅋㅋ"
,엠플러스 VS 서진시스템/박현상의 뜨거운10분/트레이딩핫타임/한국경제TV,2021. 4. 16.,http://www.youtube.com/watch?v=HndJAMa84v4,"조회수 6,671회",좋아요 112개,싫어요 1개,"오호!
서진시스템 감사합니다|오호 박현상차장님~
이분 삼프로에서 뵈었는데 말씀 쉽고 핵심만 꼭..
오늘도 말씀 잘들었습니다|부천의 현인|오늘, 삼성전자(우) 특별배당금 5000만원 정도 받아 
소고기 사 묵는중~~^^ ㅎㅎ

17억 투자로 배당금 5000만원 정도 나와 미래를 위해 ● 삼전(우) 5000만원 재투자 했음

아직 재투자 못한 분들은 월요일
삼성전자(우)에 재투자 하시길~

● 우선주가 보통주 보다 약 1만원 저렴해 많이 살수 있어 
우선주 배당이 약 12% 더 많음
-->장투시, 우선주 배당은 더욱 많아짐|삼프로 부천 유안타증권^^"
,CMO 관련주/앵커의 눈/최성민의 빅샷/한국경제TV,2021. 4. 16.,http://www.youtube.com/watch?v=HndJAMa84v4,"조회수 7,643회",좋아요 204개,싫어요 9개,"감사합니다~|올릭스|신약개발 삼바가한거임??? 푸하하 주가 장난질 진짜|그래서 어딘데?|하청공장 벨류 높게 쳐주네..
이해불가."
,보궐선거 이후 관련주/기관의 눈/최성민의 빅샷/한국경제TV,2021. 4. 16.,http://www.youtube.com/watch?v=HndJAMa84v4,"조회수 3,063회",좋아요 88개,싫어요 3개,"Best Datting Click 🔽
 
cams.downloadz.to
 
 
 
在整個人類歷史上，強者，富人和具有狡猾特質的人捕食部落，氏族，城鎮，城市和鄉村中的弱者，無`'守和貧窮成員。然而，人類的生存意願迫使那些被拒絕，被剝奪或摧毀的基本需求的人們找到了一種生活方式，並繼續將其DNA融入不斷發展的人類社會。
 
說到食物，不要以為那些被拒絕的人只吃垃圾。相反，他們學會了在被忽視的肉類和蔬菜中尋找營養。他們學會了清潔，切塊，調味和慢燉慢燉的野菜和肉類，在食品市場上被忽略的部分家用蔬菜和肉類，並且學會了使用芳香的木煙（如山核桃，山核桃和豆科灌木
 
來調味食物煮的時候 1618644690"
,굴삭기 종목/기관의 눈/최성민의 빅샷/한국경제TV,2021. 4. 16.,http://www.youtube.com/watch?v=HndJAMa84v4,"조회수 3,143회",좋아요 76개,싫어요 1개,
,0416  놓쳐선 안 될 '30초 투자뉴스'  1,2021. 4. 16.,http://www.youtube.com/watch?v=HndJAMa84v4,"조회수 1,889회",좋아요 27개,싫어요 없음,
,0416  놓쳐선 안 될 '30초 투자뉴스'  2,2021. 4. 16.,http://www.youtube.com/watch?v=HndJAMa84v4,조회수 888회,좋아요 13개,싫어요 1개,
,수익률 상위 1% 주식 초고수의 매매/ 한국경제TV / 증시라인,2021. 4. 16.,http://www.youtube.com/watch?v=HndJAMa84v4,"조회수 3,351회",좋아요 48개,싫어요 없음,"전윤호 수석님 오늘 종목별 영상 잘 보았습니다 ㅎㅎ 제가 자동차 관련과 철강주 관련 종목들을 관심있게 보고 있는데, 종목들에 대한 이야기 너무나 감사합니다 ㅎㅎ 불사조님을 통해서 제가 이번에 자동차관련 주식으로 수익을 많이 보았는데요, 그래서 그런지 지속적으로 자동차 관련 주식을 보게 되더라구요 ㅎㅎ앞으로도 좋은 종목들 소개 부탁드립니다 ㅎㅎ|팬스타엔터프라이즈 띄워주세요|전윤호님 목소리도 톤도 딱입니다.
깔끔하게 설명 잘해주시네요~~~|깔끔한 설명 감사드립니다 앞으로도 좋은 방송 부탁드립니다 ^^|유튜브  리딩방까주는남자 라고있는데 작정하고 리딩방 수익 전부 공개 영상ㅋㅋㅋ|유튜브 리딩방까주는남자 라고있는데 빠꾸없이 리딩방 정보공유 하고있음.ㅋ"
,중국 소비 증가 수혜 휠라홀딩스 / 한국경제TV / 증시라인,2021. 4. 16.,http://www.youtube.com/watch?v=HndJAMa84v4,"조회수 5,254회",좋아요 114개,싫어요 7개,"휠라홀딩스 중기 저점에서 좋은 추천이였습니다.
영상 감사합니다.|우리염블리님^^|염부장님 따라왔어요^^  분석 감사해요|오만원 왔으니 이제 매도네|체한거 다 나으셨는지 궁금 ㅜ|금요일  이랑 오늘날라 가더라  ㅋㅋ   일단최소 5 만 가자 엄청 기다렸다|아니!~ 염부장님 한경에 언제부터 출연하신거에요? 매일 한경보는데 염블리님 방송은 한번도  못봤네요. 염블리님 감사합니다.   염블리님은   무슨요일 어느시간대 나오시나욤?|우리염블리님  휠라홀딩스  한번 만져주네|휠라홀딩스 아직도 제일 안올랐다. 그냥 버텼다. 그냥 주식은 엉덩이임. 목표주가 없음. 그냥 산업과 방향성이 꺾일때 팔거임.|염길똥
휠라홀딩스 일일시황에서 추천마니하더니..혹시나 기대했다~그냥 출연료받고 니 수수료나
챙겨가거라 ㅎㅎ"
,"동화기업, 증여와 2차전지를 묶으면 / 공진단 / 한국경제TV",2021. 4. 16.,http://www.youtube.com/watch?v=HndJAMa84v4,"조회수 3,379회",좋아요 66개,싫어요 2개,
,"미중 증시 희비한국, 삼성전자 8만5천원 돌파 관건배당금 어디로 갈까? / 이승조의 진짜전략 / 한국경제TV",2021. 4. 16.,http://www.youtube.com/watch?v=HndJAMa84v4,"조회수 87,420회","좋아요 1,876개",싫어요 64개,"시장의 오랜연륜...무극선생님  주옥 같네요...감사합니다.|감사합니다이선생님최고예요^^|인격있는 댓글을 답시다.!!!|좋은 방송 감사합니다|무서운얘기네요 역시 무극선생만 기다립니다..|삼전은 정말 마지막 슈팅용으로만 쓰는거 같습니다 이번에도 역시 막판 스퍼트용이지 않을까싶네요|이대표님 
감사합니다 
👍👍👍👍👍|시장보는 눈이 정말 탁월하심...!|저번주금요일에도 방송하셨나요?
선생님너무 반갑구요 ~~ 선생님방송 잘 듣고있습니다|공부하러  왔어요.무극선생님 너무너무 감사합니다.주린이 많이 배우고 있어요|감사합니다|? 기아|영상 감사합니다|영상 감사합니다|울쌤 대단하십니다 최고|최고네요.
근간 답답함이 뚫림
애플은   어쩌나  130불에샀는데|좋아요|수고하셨습니다|헐~~|6666|저분은  올라가는  장세에서도  맨날  부정적인  측면만  말씀  하시네~~|최고이십니다 
항상 감사드립니다 ~|이승조님  항상 좋은 강의  잘보 있습니다   감사합니다|삼성.8만5천.쓸되없는소리.삼성은.미국으로.간다|꼭 챙겨보는 금요일 방송입니다^^|근데 대북주면 경협주가아니라 방산주 사야하는거 아닌가요?|선생님 최고의 지존 이십니다|이승조선생님
존경합니다
금요일방송 반드시 집중해서 꼭 시청해요|작년과똑 같네요ㅡ삼성 은 마지막 타자 니올겁니다|한전기술 80% 수익보고 3만원대 다 매도했습니다
대표님, 수익 감사드립니다!|현대건설.기아차.월요일 매수시작.
삼성생명
이승조선생..실력파..|유튜브  리딩방까주는남자 라고있는데 작정하고 리딩방 수익 전부 공개 영상!!ㅋㅋㅋ|유튜브  리딩방까주는남자 라고있는데 작정하고 리딩방 수익 전부 공개 영상ㅋ|일찍 시작하지 못한게 아쉽다고 생각하는 50 십대 입니다. 젊은 후배분들 부지런히 모으시는게 세월 지나면 그 판단이 신의한수였다고 생각 들겁니다.부빠와 함께 낙심하지 말고 꾸준히 여유 있을때 사모으세요.노후에 웃을꺼라 생각합니다. 항상 힘이 되어 주시는 부빠님... 수고가 많으시고 응원합니다.|뭣도 모르는 주린이가 무극 선생님 까내리는듯한데
니들 희망회로 돌리지 말고 현실을 직시해라 ㅉㅉ|그래서 저아저씨는 도대체 얼마 벌었을까?|◆ 삼성전자(우): 오늘, 특별배당+작년 4분기 배당: 13조원 배당금 나옴 -->선 매수!

1. 4/16(금): 삼성전자 보통주+우선주: 13조원 배당금 나옴
엄청난 배당금으로, 국내 유일한 종목: 고수익+고배당 특혜

2. 배당 13조원중 개인 배당금은 약 1.2조원 예상 됨
이중 80% 정도 재투자시, 1조원 이상 재매수 가능

3. 거의 재투자 전망: 큰 주가 상승 예상: 미리 매수해 두는게 유리!
1조원 이상 매수하면, 주가 상승은 당연지사: 수급 호재 발생!

◆ 보통주: 공매도 심해 상승 힘듬: 5/3일부터 공매도 대상 악재!
우선주: 공매도 대상 제외(호재): 향후, 수급상 상승이 쉬어짐

◆ 삼성전자(우): 보통주 보다 주가 저렴, 우선주가 배당 15% 더 많아 유리
시스템반도체 성장성 매우 커, 2년내 20만원|이아저씨 현대로템 좋다더니 더빠짐|오늘, 삼성전자(우) 특별배당금 5000만원 정도 받아 
소고기 사 묵는중~~^^ ㅎㅎ

17억 투자로 배당금 5000만원 정도 나와 미래를 위해 ● 삼전(우) 5000만원 재투자 했음

아직 재투자 못한 분들은 월요일
삼성전자(우)에 재투자 하시길~

● 우선주가 보통주 보다 약 1만원 저렴해 많이 살수 있어 
우선주 배당이 약 12% 더 많음
-->장기투자시, 우선주 배당은 더욱 많아짐|이할배 뭐야 주린이야?"
,"[한상춘의 지금세계는] 아파트 288채, 청약 8분 만에 완판…1년 전 中 부동산 광풍, 어느 국가에서 재현? / 한국경제TV",2021. 4. 16.,http://www.youtube.com/watch?v=HndJAMa84v4,"조회수 4,702회",좋아요 78개,싫어요 8개,
,미국 이슈: 다우지수 사상 첫 34000P 돌파 / 오늘장 관심주: 연우 / 어제장 놓쳐선 안됐을 미국주식 오늘장 놓칠지도 모르는 한국주식 / 한국경제TV,2021. 4. 16.,http://www.youtube.com/watch?v=HndJAMa84v4,"조회수 2,522회",좋아요 79개,싫어요 1개,따로 올려주셔서 감사해요 ㅎㅎ|고마워요!|팀장님 넘나 귀에 쏙쏙 들어와요. 잼나고요 ㅎㅎ|출근하며 팀장님 보는 재미ㅎㅎ|마음속에서 개그방송으로 분류하고 보고있음 ㅋㅋ|유튜브  리딩방까주는남자 라고있는데 작정하고 리딩방 수익 전부 공개 영상!!ㅋㅋㅋ|유튜브  리딩방까주는남자 라고있는데 작정하고 리딩방 수익 전부 공개 영상!!ㅋ|가지고 올 종목이 없어서 연우를 가지고 나오네.....
,美 증시 ‘고공행진’ 투자 전략은? / 유동원의 글로벌 포트폴리오 / 한국경제TV,2021. 4. 16.,http://www.youtube.com/watch?v=HndJAMa84v4,"조회수 9,285회",좋아요 322개,싫어요 8개,"열일 하시는 본부장님 존경 합니다|유본부장님. 오늘 더 멋지신거 같습니다 ^^ 고맙습니다|본부장님 세상 제일 바쁜분!!|유본부장님 신뢰합니다|고마워요!|오예~~~~ 돈벌자|유본부님 요즘 어기저기 맹활약 하시네|또 뵙게 되니 반갑습니다.  자주 나와 주세요.|1분 25초에 나오는 주요 지수의 기간별 등락을 보여주는 표는 4월 8일 종가기준이네요.   추세를 보여주니 당일 자료는 아니어도 되겠으나 1주일 전 자료를 쓴다면 몇월몇일 기준이라고 표기를 해주면 더 좋을 것 같습니다.|사상최고라고 하지만 제가 가지고 있는 종목은
작년 팬데믹 수준 이하인데 어떻게 된건지 잘 모르겠네요.
특히 4월중순까지 분할매수 추천하신 신재생에너지 괸련주는 완전 만신창이가 되어버렸네요. 고점대비 50% 이상 연일 빠지고만 있네요.|유튜브  리딩방까주는남자 라고있는데 작정하고 리딩방 수익 전부 공개 영상!!ㅋㅋㅋ"
,오늘장 놓쳐선 안 될 당신이 잠든사이 일어난 해외 이슈 7 / 출근전 꼭 봐야하는 글로벌 이슈 / 한국경제TV,2021. 4. 16.,http://www.youtube.com/watch?v=HndJAMa84v4,"조회수 72,955회","좋아요 1,711개",싫어요 36개,"6:35 꺄끄꺄끄|박고운 정말 대단해|오늘도 정보 주시느라 수고 하십니다 감사 합니다|요즘 장이 너무 좋네요 ~|제가 시청하는 유튜브 중 가장 유익한 채널입니다.항상 감사합니다. :)|미증시는 이렇게 좋은데|고마워요|오늘도 유익한 정보 감사드립니다.~^^|고마워요!|아니 내 계좌는 왜 마이너스냐..|골디락스...중국 1분기GDP20% ...뭔가 좀 무서워지는 시장 분위기...|감사합니다|앙 꺄끄띠!|구리 확인 ㅎㅎ|오늘은 기대해도 될까요~|👍|19조 벌기 쉽네 ㅠ|🤗|🤗|매일 봅니다. 감사해요|형님 요번에는 제발 ....|좋은 소식 감사합니다|공매도 세력 실패의 역사|왜 내껀 파란불?|좋은 정보 영상 감사드립니다 
즐거운 하루 되세요|좋은 뉴스 감사합니다. 한주 수고하셨습니다.|기분좋은 금요일 좋은 소식 감사드리고, 한 주동안 수고 많이하셨습니다. 즐거운 주말 되세요~|비트코인,  다우 나스닥 다 상승이라는 데  우째 내 삶은 더 쪼그라드냐  아함~~🥱🥱 백수라 새벽내내 게임했더니 이제 졸립네  잠이나 자자  에헴~~💨💨💨|고맙습니다|유튜브  리딩방까주는남자 라고있는데 작정하고 리딩방 수익 전부 공개 영상!!ㅋㅋㅋ|유튜브  리딩방까주는남자 라고있는데 작정하고 리딩방 수익 전부 공개 영상!!ㅋㅋㅋ|유튜브  리딩방까주는남자 라고있는데 작정하고 리딩방 수익 전부 공개 영상!!ㅋㅋㅋ|세원이 눈나...|아니 처음에 나레이션 술먹엇나?|유튜브  리딩방까주는남자 라고있는데 작정하고 리딩방 수익 전부 공개 영상!!ㅋㅋㅋ|전가은 정말 대단해|미국은 지금 트럼프 효과가 나타나는구나.. 헬조선은 내년..문.. 효과로 인해 나라가 망하게 생겼는데;."
,퇴근길 꼭 봐야할 내일장 공략주 / 성공투자 오후증시 / 한국경제TV,2021. 4. 15.,http://www.youtube.com/watch?v=HndJAMa84v4,"조회수 4,742회",좋아요 86개,싫어요 4개,
,퇴근길 종목구조대 / 퇴근길 꼭 봐야할 내일장 공략주 / 성공투자 오후증시 / 한국경제TV,2021. 4. 15.,http://www.youtube.com/watch?v=HndJAMa84v4,"조회수 5,682회",좋아요 107개,싫어요 3개,감사합니다|시원한 대답 감사합니다 교수님:))))|이경은 앵커님 팬이에요~^^|유튜브  리딩방까주는남자 라고있는데 작정하고 리딩방 수익 전부 공개 영상!!ㅋㅋㅋ
,"골드만삭스 ""구리가격 70%까지 오른다"" 풍산 주목/박근형의 종목인사이드/트레이딩핫타임/한국경제TV",2021. 4. 15.,http://www.youtube.com/watch?v=HndJAMa84v4,"조회수 16,278회",좋아요 256개,싫어요 5개,"10프로먹자고 풍산을 들어가서 물리면몇년게고생한다이|유튜브  리딩방까주는남자 라고있는데 작정하고 리딩방 수익 전부 공개 영상!!ㅋㅋㅋ|Best Datting Click 🔽
 
18cams.xyz
 
 
 
在整個人類歷史上，強者，富人和具有狡猾特質的人捕食部落，氏族，城鎮，城市和鄉村中的弱者，無`'守和貧窮成員。然而，人類的生存意願迫使那些被拒絕，被剝奪或摧毀的基本需求的人們找到了一種生活方式，並繼續將其DNA融入不斷發展的人類社會。
 
說到食物，不要以為那些被拒絕的人只吃垃圾。相反，他們學會了在被忽視的肉類和蔬菜中尋找營養。他們學會了清潔，切塊，調味和慢燉慢燉的野菜和肉類，在食品市場上被忽略的部分家用蔬菜和肉類，並且學會了使用芳香的木煙（如山核桃，山核桃和豆科灌木
 
來調味食物煮的時候 1618509725"
,네오위즈홀딩스 VS 위메이드/김형철의 뜨거운10분/트레이딩핫타임/한국경제TV,2021. 4. 15.,http://www.youtube.com/watch?v=HndJAMa84v4,"조회수 3,506회",좋아요 50개,싫어요 없음,"영상 감사합니다.
위메이드 영상 참고하세요.|설명이 너무 좋고 유익한 영상이네요
좋아요 구독 누르고 갑니데이~~!!
화이팅^^|텐미닛은 효리인데 ㅎㅎ|이상한걸추천하고앉아있네. 이사람한테가입하고도박매매기도매매하였습니다.|코인으로 아이템을구매 게임을하다가  쉬고싶으면 현제 헐값에 정리해서  그만두는대  코인으로거래하면 게임내 시세대로 거래를하고  1년쉬었다 다시하고싶으면 다시 코인으로 내가원하는장비를사서 시작할수있다.
  게임사는 아이템거래중개수수료를  코인으로받으면 되겠지  마치 부동산중계수수료처럼"
,오늘장 한 끝 mRNA/이상로의 빨간주식/트레이딩핫타임/한국경제TV,2021. 4. 15.,http://www.youtube.com/watch?v=HndJAMa84v4,"조회수 4,443회",좋아요 62개,싫어요 3개,감사합니다~|유튜브  리딩방까주는남자 라고있는데 작정하고 리딩방 수익 전부 공개 영상!!ㅋㅋㅋ
,금리상승기 성장주 주목/기관의 눈/최성민의 빅샷/한국경제TV,2021. 4. 15.,http://www.youtube.com/watch?v=HndJAMa84v4,"조회수 9,403회",좋아요 185개,싫어요 4개,감사합니다 ^^|감사합니다|감사합니다!|연기금이 지수를  갉아먹고 있다
,롯데관광개발/앵커의 눈/최성민의 빅샷/한국경제TV,2021. 4. 15.,http://www.youtube.com/watch?v=HndJAMa84v4,"조회수 3,864회",좋아요 107개,싫어요 4개,"감사합니다!|감사드립니다 ^^|현재 공매도 타겟으로 17000원대|벌써 매수해서 물리고있는중
입니다..이리 말씀해주시니 감사합니당|코로나 전보다 주가높은데?..ㅋ"
,세계기후정상회의/기관의 눈/최성민의 빅샷/한국경제TV,2021. 4. 15.,http://www.youtube.com/watch?v=HndJAMa84v4,"조회수 7,441회",좋아요 178개,싫어요 3개,"감사합니다|감사합니다|감사합니다|열심히 공부하고 있습니다 
감사합니다 ^^|너무너무감사합니다|성민이 형 반갑습니다 형님 나오는 영상은 좋아요 우선 누르고 시청합니다|한병화님 반갑습니다 자주나오셔서 코멘트해주세요 든든합니다|한병화위원님 감사해요|[세계 기후변화 ?사기 비정상 회의] 라고 개명을 하는 것이 맞다.|오염수 용인하고 탄소배출 줄인다 이중성 아닌가.바이든 다시보게 된다|탄소 떠드는 인간들 다 좌파 운동 돈빼먹기 운동"
,"가상화폐의 모든 것...천장 뚫은 비트코인, 다음 주자로 나선 알트코인 '가즈아'?(고란)/ 주식경제 이슈분석 / 한국경제TV",2021. 4. 15.,http://www.youtube.com/watch?v=HndJAMa84v4,"조회수 351,778회","좋아요 4,062개",싫어요 219개,"고란이누나 이때는 아주 신났지 ㅋㅋㅋ|궁금한 비트코인(알트코인)에 대한 좋은 질문과 답변 감사합니다|코인 쟁이들 관상은 남녀를 불문하고 눈이 퀘퀘하고 다크서클이 기본 옵션인듯|고란 기자님 여기저기서 많이 불려 나오시네요. 이제 곧 유명인사 되실 듯... ㅋㅋㅋ|이 언니 설명 잘하시네요~!!|이런건 몇일 지나고 봐야 제맛 ㅋ|고란기자님 화이팅|한강으로  가즈아....|고란기자님! 정말 이해하기 쉽게 설명해주시네요^^ 처음으로 댓글남겨봅니다.|진짜 너무 좋습니다. 팬이에요~|너나사라 비트코인 ㅋㅋㅋ|코인대장님 등판하셨네요 ㅋㅋㅋㅋ 가즈아아|고점 징후 : 수박 겉핥기 수준의 지식을 가진 자칭 전문가가 언론에 등장한다.|고란님은 600년만에 찾아오는 인물이십니다...가치를 발견하셨네요...^^*|삐끼 방송 ㅋㅋㅋ|늘좋은정보 주셔서 감사합니다 ^^|2021년4월24일 글쓴다
이방송 보고 코인 매수한
인간들  전부
피눈물 흘리고 있을것이다.|감사합니다 기자님|골로 가는수가 충분한 길로 가르아~|고란기자 말 참 잘하네요~~|도지코인이 올해 핫플레이스|암호화폐의 위험성에 대해 이야기하는것도 좋지만 
왜 우리나라사람들이 위험한걸알면서도 알트코인으로 한방을 노리는 이유에대해서 뉴스에서 시원하게 말좀해줬으면좋겠다 맨날위험하다 하지마라 가아니라 다른문제를 해결해야하는데...ㅂㄷㅅ|잘 알지도 못하는 거 많더만 여기저기 다니더니 ㅋㅋ|여기서도 여전히 고란기자님은 비트코인만 찬양하시네요^^|떡낙중 ㅋ|우리나라도 나스닥상장되고 외화 벌어들이길바라지만
코인원같은 고객불편사항등 응대못하는곳은 특금법 통과하면 욕먹습니다|4월 23일 기준.. 패닉셀에 사람들 멘탈나갔습니다.. 이 뉴스가 상투일때였네..|알고란tv|고란기자님 역시~ 최고입니다 고란기자님 유투브 하신답니다 알고란 검색하시면 됩니다 저도 구독중인데 짱입니다 ㅎㅎ|한강가실분|재밌게 설명해주시네요 ㅎㅎ|0:00 가상화폐의 모든 것 천장 뚫은 비트코인 다음 주자로 나선 알트코인 '가즈아'
0:37 美가상화폐거래소 코인베이스, 나스닥 상장…의미와 전망은
3:23 코인베이스, 나스닥 상장…시장 가치는
6:42 비트코인 가격 추이와 전망은/비트코인 가격, 연일 신고점 경신하는 이유는
11:04 비트코인 변동성 줄자 알트코인으로 눈 돌린 투자자들?
15:54 비트코인 vs 알트코인 승자는?
19:14 업비트 운영사 ‘두나무’ 상장 추진, 韓아닌 美나스닥?
22:10 韓 가상화폐 자산 제도화 전망은…글로벌 국가들과 비교
24:57 암호화폐 위험성에 대해
27:02 국내 암호화폐 참여 기업들의 움직임은|중국 차익 투기 , 기업 투기 세금 탈세 , 비자금 돈세탁 ) , ( 거래소 조작 , 부정 거래 조작 갈취 탈세 , 조직 폭련 배 돈세탁 ) ( `` 마약 조직 비자금 돈세탁 ,, )( x특히 알트 거래소 조작 정부 조사착수 비트 폭락 ~!  기업 회수중 녹는 ~|가상화폐 는 위험해요 1%만진짜 99%는사기입니다~|고란기자님 👍|우와 알고란이다 ㅋㅋㅋㅋㅋ|😍💝👍|여기저기 많이 출연하셔서 진정한 어른이 어떤건지좀 보여주세요 ㅋ|댓글삭제예요?|고란기자  설명  짱 !"
,“지금 필요한 건 면역력!” 건강기능식품 판매 콜마비앤에이치  / 한국경제TV / 증시라인,2021. 4. 15.,http://www.youtube.com/watch?v=HndJAMa84v4,"조회수 2,296회",좋아요 34개,싫어요 1개,전 세계적으로 은이 부족합니다. 미국인 그룹은 가격을 올리고 돈을 벌기 위해 가능한 한 많이 구매하고 있습니다. 그들은 또한 인플레이션으로부터 자신을 보호합니다. Reddit의 WallStreetSilver
,0415 놓쳐선 안 될 '30초 투자뉴스' 2,2021. 4. 15.,http://www.youtube.com/watch?v=HndJAMa84v4,조회수 942회,좋아요 18개,싫어요 1개,
,0415 놓쳐선 안 될 '30초 투자뉴스' 1,2021. 4. 15.,http://www.youtube.com/watch?v=HndJAMa84v4,조회수 704회,좋아요 12개,싫어요 1개,코인베이스 얘기는 없군
,"와이아이케이, 4개월만에 작년치 매출 수주...5월에도 호재 예정 / 공진단 / 한국경제TV",2021. 4. 15.,http://www.youtube.com/watch?v=HndJAMa84v4,"조회수 3,321회",좋아요 53개,싫어요 2개,전 세계적으로 은이 부족합니다. 미국인 그룹은 가격을 올리고 돈을 벌기 위해 가능한 한 많이 구매하고 있습니다. 그들은 또한 인플레이션으로부터 자신을 보호합니다. Reddit의 WallStreetSilver
,박스피 돌파한다! 사업 구조변화 기업 주목 / 김우식의 진짜전략 / 한국경제TV,2021. 4. 15.,http://www.youtube.com/watch?v=HndJAMa84v4,"조회수 8,549회",좋아요 188개,싫어요 10개,김우식 전문가님 너무 멋지세요|https://youtu.be/k_d-IY-XHk4    미국은  외국인도  백신 맞을수  있다|유튜브 리딩방까주는남자 라고있는데 빠꾸없이 리딩방  오픈 영상 !! ㅋㅋㅋ
,인플레이션 우려 속  7%이상 고배당주는? / THE PULSE  / 한국경제TV,2021. 4. 15.,http://www.youtube.com/watch?v=HndJAMa84v4,"조회수 2,894회",좋아요 68개,싫어요 2개,심쿵이네요ㅎㅎ|영화배우 아닌가???  엄청 미인이네!!!|생소한 회사 내용이지만 잘 듣고갑니다. 감사합니다 수현님~|몸매와  미모가  미스코리아인데요  ^^
,어제장 놓쳐선 안됐을 미국주식 오늘장 놓칠지도 모르는 한국주식 / 한국경제TV,2021. 4. 15.,http://www.youtube.com/watch?v=HndJAMa84v4,"조회수 1,980회",좋아요 37개,싫어요 없음,"좋아요|나스닥 하락
기술주 하락
팡주 하락
강다은 캐스터님 기분 하락
ㅠㅠ|유튜브  리딩방까주는남자 라고있는데 작정하고 리딩방 수익 전부 공개 영상!ㅋㅋㅋ|유튜브  리딩방까주는남자 라고있는데 작정하고 리딩방 수익 전부 공개 영상!!ㅋㅋㅋ|유튜브 리딩방까주는남자 라고있는데 작정하고 리딩방을 수익 전부 공개 영상.ㅋㅋㅋㅋㅋ"
,[한상춘의 지금세계는] IMF는 한국 부채 부담 폭발 경고 vs 여당 의원은 “빚내서 더 쓰자”…어떻게 봐야 하나? / 한국경제TV,2021. 4. 15.,http://www.youtube.com/watch?v=HndJAMa84v4,"조회수 14,019회",좋아요 335개,싫어요 41개,
,오늘장 놓쳐선 안 될 당신이 잠든사이 일어난 해외 이슈 7 / 출근전 꼭 봐야하는 글로벌 이슈 / 한국경제TV,2021. 4. 15.,http://www.youtube.com/watch?v=HndJAMa84v4,"조회수 82,937회","좋아요 1,956개",싫어요 52개,"박고운  대단해|감사합니다. 사랑합니다. 축복합니다 💕 ⛰ 🗻 🚠|오늘도 성투|감사합니다!|감사드려요|아침마다 좋은정보 너무 감사하고 고맙습니다 수고하십시요|오늘도 감사드려유 ㅎㅎㅎ|굿 모닝 좋은아침 입니다
편한 하루들 되시길요^^|돈나무 누나가 알려줬으니 살께요. 전기차~|최애 프로그램입니다~ 매일 감사해요~|감사합니다|좋은 뉴스 감사합니다!|얏호~|좋인요|아침을 여는 좋은 소식 감사합니다|꺄악끄|좋아요!!^^ 영상감사합니다~|좋은정보 감사합니다|꺄끄 꺄끄|좋아요 1.2 천|덕분에 아침 출근길이 즐겁네요 감사합니다!|좋은 뉴스 감사합니다.|6:09 꺄끄꺄끄|아스트라제네카 어쩔거여|겁나알차다 굿 입니다|1.25배속으로 보세요.|가상화폐는 투기. 실물자산도 없고 배당도 없고..|ㅣ|목사님안녕하세요.|종잡을수없는 코인. 감사합니다|배경음악 땜에 머리가 지끈지끈ㅠㅠ
볼륨을 좀 줄여주시면.. 지나번에도 부탁드렸었는데..
꼭 듣고 싶은데 들을 때마다 고역임.|방송중에 주변에 말소리가 종종 들립니다;;; 마이크 조정좀;;;;|유튜브  리딩방까주는남자 라고있는데 작정하고 리딩방 수익 전부 공개 영상!!|프랑스는 꺄끄지수라고 친절하게 설명해주면 영국은 왜 영국지수라고 말하시나요 영국지수를 뭐라 부루는지 알고싶은 1인입니다|금리인상 절대 안한다고하다가 이제는  금리인상 가능성이 낮다   그런데 테이퍼링은 올해안에 빨리 시작할지도 몰라  파월의  말말말|주식을 투기로 보던 아버지세대처럼 우리세대도 가상화폐를 투기로 보는걸까 10년안에 뭔가 전환이 일어날듯|강다은캐스트님 말하는 속도 좀 높여 주세요
너무 느려 답답합니다"
,퇴근길 꼭 봐야할 내일장 공략주 / 다음주 공략주 / 성공투자 오후증시 / 한국경제TV,2021. 4. 14.,http://www.youtube.com/watch?v=HndJAMa84v4,"조회수 3,793회",좋아요 72개,싫어요 3개,
,퇴근길 꼭 봐야할 종목구조대 / 다음주 공략주 / 성공투자 오후증시 / 한국경제TV,2021. 4. 14.,http://www.youtube.com/watch?v=HndJAMa84v4,"조회수 38,341회",좋아요 929개,싫어요 29개,"염부장님은 대부분 중장기 관점으로 종목 상담을 해주셔서 좋습니다. 바쁜 직장인이라 감사합니다.|염부장님  여기서 도보네요  반가워요😲|잘 보고있습니다 감사합니다~|안나오시는 곳이  읍스시군여ᆢᆢ
건강관리   잘하시기  바랍니당~~|염부장님 덕분에 하락에도 기업의 가치를 보고 버티라는 멘트에 버티거나 추가매수하여 수익률이 좋아요. 그런 이유로 다들 염부장님을 좋아하는거겠죠^|풍산 오늘 많이 올랐어요 35000원|이노와이어리스.. 구조 부탁드려요.|염❤❤|염블리♡|부장님
감사합니다^^|1달 지난 지금 20프로 빠짐 ㅋㅋ|염부장님 감사합니다.|감사합니다.|염부장님   감사합니다|모두 화이팅입니다 ^^|염부장은   기업주식  쎄일러야 ?|모도TV 펄어비스 비중 100% , 모도TV 넷마블 비중 5%.. 장난하냐?|유튜브 리딩방까주는남자 라고있는데 빠꾸없이 까는 리딩방  오픈 영상 !! ㅋㅋㅋㅋㅋ|Корейська мова класна|유튜브 리딩방까주는남자 라고있는데 작정하고 리딩방을 수익 전부 공개 영상.ㅋㅋㅋㅋㅋㅋ|울 염블리님 덕분에 바쁜데도 수익률이 쌓이는거 보는것 같아요.. 기업의 가치를 보고 말씀 주시니까 ㅎㅎ 이게 진정 투자 맞지요?^^ 불사조쌤도 가치를 보고 투기말고 투자하라던데~ 이게 맞는듯요 ㅎㅎ|유튜브 리딩방까주는남자 라고있는데 빠꾸없이 리딩방  오픈 영상 !! ㅋ|유튜브 리딩방까주는남자 라고있는데 빠꾸없이 리딩방  오픈 영상 !! ㅋㅋㅋㅋㅋ|유튜브  리딩방까주는남자 라고있는데 작정하고 리딩방 수익 전부 공개 영상!!ㅋㅋㅋㅋ|유튜브  리딩방까주는남자 라고있는데 작정하고 리딩방 수익 전부 공개 영상!!ㅋㅋㅋ|유튜브  리딩방까주는남자 라고있는데 작정하고 리딩방 수익 전부 공개 영상!!ㅋㅋㅋ|그렇게  좋고,돈 벌수있으면  본인과 가족들하고  친인척들이  사지."
,오늘장 한 장으로 끝낼 종목! 제로투세븐 주목/이상로의 빨간주식/트레이딩핫타임/한국경제TV,2021. 4. 14.,http://www.youtube.com/watch?v=HndJAMa84v4,"조회수 3,560회",좋아요 54개,싫어요 4개,제로투 여기 아니야?|아리아리랑 스리스리랑 아리아나 그랑데 ~
,색조의 계절이 돌아왔다! 화장품 관련주 클리오 주목하라!/최창윤의 종목인사이드/트레이딩핫타임/한국경제TV,2021. 4. 14.,http://www.youtube.com/watch?v=HndJAMa84v4,"조회수 4,551회",좋아요 72개,싫어요 2개,뒷북도  뒷북중에 뒷북|일주일 전에 매수해야지 지금은 조금 뒷북|장기 투자로 좋겠네요
,"중국 '훈풍' 타고 다시 뛰는 K-임플란트! 역사적 신고가 vs 52주 신고가, 오스템임플란트 vs 디오! 당신의 선택은?/박창윤의 뜨거운 10분/트레이딩핫타임/한국경제TV",2021. 4. 14.,http://www.youtube.com/watch?v=HndJAMa84v4,"조회수 4,703회",좋아요 96개,싫어요 1개,"덴티움은 어떤가요|드드|아주 훌륭해서 매일보는 영상!!^^|박창윤,  저 친구 별로던데...추천한 종목 나중에 두고보니 별로.
 기업의 가치나 미래를 보고 얘기하는게 아니라 항간에 떠도는 말들을 수집해서 자기생각을 하는거 같음"
,2분기 투자전략/기관의 눈/최성민의 빅샷/한국경제TV,2021. 4. 14.,http://www.youtube.com/watch?v=HndJAMa84v4,"조회수 9,614회",좋아요 234개,싫어요 4개,감사합니당 😆|감사합니다|잘듣고갑니다.
,치매치료제 개발 메디프론/CEO의 눈/최성민의 빅샷/한국경제TV,2021. 4. 14.,http://www.youtube.com/watch?v=HndJAMa84v4,"조회수 7,244회",좋아요 179개,싫어요 9개,좋은열매부탁합니다|저평가가  아니라 20년동안 한게 이룬게 없으니깐 주가가 그모양 아니겠냐 예전꺼 다 우려먹고 저기 진행자도 자료 다 찾아봤다잖아 그러니깐 이 회사한테 욕은 못 하겠고 소장 이 사람한테 헛소리 하지 말라고 날이 곤두 슨거잖니  앞으로 저런 회사는 인터뷰 하지마세요 주가를 올릴려고 인터뷰 하는거잖아 나도 자료 다 찾아봤다 떡뽂이 회사 인수했더라 그것도 200억주고 ..연구나 해서 치료제나 만들어라 다른 후발주자들은 벌써 2상 넘어서 3상 간다 그리고 진단키트 다른 후발주자들 다 만들어서 판매하더라   머했냐 20년동안 반성 좀 해라 자꾸 이상한 공시에 엮어서 주가 올릴 생각말고 좀 반성 좀 해라 대표부터 임원들 전부다
,5G 수혜주/앵커의 눈/최성민의 빅샷/한국경제TV,2021. 4. 14.,http://www.youtube.com/watch?v=HndJAMa84v4,"조회수 7,963회",좋아요 202개,싫어요 5개,"무조건 믿고 거른다 최앵커의 추천주................부를 때가 고점이고 들어갔다가 물리고 여태 방송들 잘 찾아보세유 팩트임|기다려집니다.
감사드립니다 ^^|제발  이시국에 5g를???  참아주세요. 더 좋은거 널렸어요. 아무거나 막 추천하시면 안됩니다. 사고 존버하면 언젠가는 이익을 보겠죠.  근데 빨리 이익을 볼거를  알려주셔야지요. 주린이들  피눈물 나게하시면 안됩니다. 으이그~|고점찍기전문가 무조건걸러라 저란게 왜 저기앉아잇나|무조건 믿고 사는  최앵커 추천주!!!1"
,연준의 믿는 구석 물가 상승 우려 뛰어넘는 디플레이션 압력(이효석)/ 주식경제 이슈분석 / 한국경제TV,2021. 4. 14.,http://www.youtube.com/watch?v=HndJAMa84v4,"조회수 35,354회",좋아요 563개,싫어요 25개,"인플: 부채가 너무 많아서 이젠 정부나 연준이 컨트롤할수 없다.
디플:고용, 환경에 의해 양적완화 및 금리에 손댈수 없으며
미국이 아직은 무너지지 않는다.|완만한 인플레이션이지 디플레이션까지는 아니지않을까요..|영상 감사합니다😌😌|이효석팀장님 잘하심 ㅎㅎ|이호석팀장님 감사합니다|좋은공부 열심히 ㅡ
감사합니다 수고하셨습니다|이팀장님^
삼프로tv에서만 뵙다가
한경에서도 보니까 넘 좋네요
쵝오이십니다|백신 개발을 미국이 했는데 지들이 만든거 지들이 많이 쓰는게 뭐가 그렇게 불편하냐ㅋㅋ 미국인들이 돈을 써야 글로벌 경제가 발전하는데 뭐가 그르케 불편하냐ㅋㅋ 저 남자  재밌네ㅋ|염부장님이 늘 이야기하는 이효석연구원님 ㅋ|이호석팀장님  항상 잘보고  감사히 듣고있읍니다  감사합니다🥰🥰🥰|아이고 답답하다  부동산 자금이 대거 주식으로 들어왔는데|이효석 팀장님은 설득력 갑입니다. 인강을 하셔도 일타강사로 탑 찍을 듯..이팀장이 내 고등학교 경제선생님 이었음 무조건 경제, 경영 전공했을 겁니다. ㅋㅋㅋ|응응응음응 때문에 집중이 안되네요|경기가 좋아지려면 코로나주사가 어느나라가
빨리 맞느냐  하는 것은 .  중요한  것이다.|근데 정부가 돈을 풀려면 자금을 세금으로 조달해야하는데 이부분은 빅테크 상승에 제약요소 아닐까요|기업에 가치가 커지는 시기. 버핏지수만으로 고평가를 논하기에는 무리가 있다.
성장주 가치주 보다는 지속 가능한 기업이 중요.
인플레 우려가 있지만 디플레 압박이 매우 강한상태. 지금은 골디락스.
정책금리가 올라가지 않으면 시장금리는 계속 오를순 없다. 정책 금리를 올리는데 까지는 아직 많은 시간이 남아있다.
투자는 냉철하게. 미국시장이 가장 좋아보인다. 경기도 좋고 기업실적도 좋다.
결론 - 현금을 줄이고 투자를 늘려라.
이효석 팀장님, 훌륭한 인사이트 정말 잘들었습니다~ 감탄이 나오네요~ 😃👍👍👏👏👏👏👏👏|디플레이션 압력이 심한만큼 인플레이션을 상당히 허용하지 않을까 합니다..원자재 랠리가 나타나지 않을지..ㅠㅠ|할배 왜케 응응거려 거슬리게"
,류민수 차장의 오늘 장 공략주 네패스 · 셀트리온제약 · 빅텍 / 한국경제TV / 증시라인,2021. 4. 14.,http://www.youtube.com/watch?v=HndJAMa84v4,"조회수 3,711회",좋아요 79개,싫어요 2개,"셀트는 쓰레기주식이니까 동영상에서 언급하지마세요!
개미들에게 비난받을 겁니다!!!"
,0414 놓쳐선 안 될 '30초 투자뉴스'  2,2021. 4. 14.,http://www.youtube.com/watch?v=HndJAMa84v4,"조회수 1,089회",좋아요 15개,싫어요 없음,화웨이만 거르길
,0414 놓쳐선 안 될 '30초 투자뉴스' 1,2021. 4. 14.,http://www.youtube.com/watch?v=HndJAMa84v4,조회수 869회,좋아요 19개,싫어요 2개,
,"삼각합병 완료한 한국내화, 현대차 관계사로 분류된다는데 / 공진단 / 한국경제TV",2021. 4. 14.,http://www.youtube.com/watch?v=HndJAMa84v4,"조회수 1,831회",좋아요 25개,싫어요 2개,좋은 정보 감사합니다
,"미국 물가 상승에도 채권금리 안정, 코스닥 상승세 이어지나? / 이진우의 진짜전략 / 한국경제TV",2021. 4. 14.,http://www.youtube.com/watch?v=HndJAMa84v4,"조회수 4,489회",좋아요 113개,싫어요 10개,"이진우소장 말씀대로 모든 것은 수명이 있고 임계점이 있는 법임.
사람들이 그런 걸 잊고 살 뿐이지.
어느 순간 훅 빠지는 거지.
원래 급락은 항상 정신없이 취해있을 때 기습적으로 찾아옴.
매일 사상 최고가 어쩌고 할 때가 사실은 가장 위험한 시기임.|김우식고수 하는날인데 왜  바꼈나요?|설명이 조잡하다|이진우씨.. 퍼블릭블록체인 아는게 너무 없어보이네.. 좀 공부좀 하시던가요. 거래량을 이야기하는데 왜 우리나라만 이야기하며,, 그냥 결과론적인,이야기만 할거면 나오질 말든가.. NFT/거래소코인, CBDC와 퍼블릭코인 앵커링이라던지 지금 이슈가 그런쪽인데 계속 철지난 알트가 몰리니 어쩌니.. 답답하다"
,"[한상춘의 지금세계는] 韓, 유독 금 거래 늘고 비트코인은 프리미엄까지…5만원권 사라져, 지하경제 커지나? / 한국경제TV",2021. 4. 14.,http://www.youtube.com/watch?v=HndJAMa84v4,"조회수 8,981회",좋아요 156개,싫어요 23개,"댓글 드디어 열렸네요. 좋은 방송 감사드립니다~ 캐나다에서 매일 오후 4시에 꼬박꼬박 챙겨보고 있습니다. 여러방송 보다가 지금은 바빠져서 경제방송은 한상춘 논설의원이 방송하는거 하나만 보고 있습니다. 꾸준히 챙겨보니 누적되는 지식이 어마어마 해지는게 스스로 느껴집니다. 앞으로도 유익한 방송 부탁드립니다.|많이 공부하고  있습니다  
감사|아싸 댓글 열렸다|퇴장|땡      큐|한상춘 씨 발음에 심각한 문제 있음. 본인 맘대로 묵음 처리하는 버릇이 있어서 알아 들을 수가 없어요!|앞선 혜안을 갖고 지혜로운 말씀을 들려주셔서 감사합니다. 잘 듣고 갑니다.|참 듣기 거북하네
죄졌으면 댓가를 치뤄야지~
구독취소~퉤~|말씀에  깊이 공감합니다|내용이 좋아서 매일 보기는 하는데, 한상춘 위원님 말씀을 잘 못알아듣겠어요...|이 양아치같은 스레기는 댓글을 받지않는 아주 간악한 종자더라 이럴거면 빤다고 낮작대기 디밀고 나불대냐? 뭐가 두려워 댓글을 거부해? 이런것이 경제 전문가 행세 하고자빠 젔으니 이집단 앞날이 훤하다 후러자슥 제목 뽑는거보니 만고의 예적 같은 넘 이더라|이 양반은 예전에 무조건 민주당 정부 비판, 반중국,,,,삼프로 같은 프로없었을 때 이사람 방송 듣다가 투자기회 많이 날렸음..|구독 취소|말이야 방구야|'반도체굴기' 라는 말을 함부로 막 쓰지마세요.
 미국은 반도체패권 등 이런 말을 쓰는게 맞습니다.
 굴기라는 것은 개중국의 오만함과 패권야욕을 드러내는 말입니다.
 즉, 중국굴기에서 시작된 굴기라는 말의 뜻은 중국이 세계패권을 잡고 우뚝치솟다 라는 양아치적인 발상인데 
 왜 한경에서 이런것도 모르고 굴비인지 굴기인지를 지껄이는지 의심스럽네요|죄짓고  형살고  있는  삼성부회장 언급 듣기  불편합니다  입장 이해하지만 순수한 경제분석  부탁드립니다"
,미국 이슈: S&P500 사상최고치 경신 / 오늘장 관심주: F&F / 어제장 놓쳐선 안됐을 미국주식 오늘장 놓칠지도 모르는 한국주식 / 한국경제TV,2021. 4. 14.,http://www.youtube.com/watch?v=HndJAMa84v4,"조회수 2,339회",좋아요 93개,싫어요 4개,"한경 개그맨 특채|제가 가장 좋아하는 한경 전문가ㅎㅎ|하이텐션👍|안본사이에 리엑션이 너무너무 많아지셨어욬ㅋㅋㅋ 제일 좋아하는 전문가 = 김권진팀장님|유쾌해서 좋지만 넘 부담스러워요. 😭|하이텐션 좋아요👍👍👍|재미있어요. 쏙쏙 들어오네요|밝아서 좀더 볼만하네 ㅎㅎ|너무 웃겨요 응원합니다 계속 이렇게 해주세요. 주식 방송을 딱딱하게만 해야 합니까? 고정관념을 버리세요. 쉽고 재밌게 접근해야 합니다|미국을 믿는다면 S&P 500은 그냥 우상향 할 수 밖에 없다고 생각함|경제를 재밌게 설명하고싶은지는 모르겠으나 너무... 텐션이 높으시다할까요 깔끔하게 진행해 쥬셨으면 좋겠습니다. 듣기에 부담스러워요 ㅠ|너무 까불까불|유튜브 리딩방까주는남자 라고있는데 작정하고 리딩방을 수익 전부 공개 영상.ㅋㅋㅋㅋㅋㅋ|아... 텐션은 좋으나 너무 쓸데없는 소리가 많네..
텐션좀 줄이시죠.
초등학생들 모아두고 강의하는거 아니잖아요.. ㅠ"
,반도체 생산의 핵심 요소 '물'에 투자하는 방법은? / THE PULSE  / 한국경제TV,2021. 4. 14.,http://www.youtube.com/watch?v=HndJAMa84v4,"조회수 1,491회",좋아요 47개,싫어요 1개,역시 우리나라 산업은 반도체가 답인것 같습니다|물부족은 안되는데..환경의 중요성을 다시한번 생각하게되네요. 감사합니다 수현님~|오늘  쫌 실망 --|미국은 디지털 무역 협정 초안에 한국을 포함하지 않습니다.|어제 밤에 라면 먹고 잤누
,오늘장 놓쳐선 안 될 당신이 잠든사이 일어난 해외 이슈 7 / 출근전 꼭 봐야하는 글로벌 이슈 / 한국경제TV,2021. 4. 14.,http://www.youtube.com/watch?v=HndJAMa84v4,"조회수 80,650회","좋아요 1,910개",싫어요 38개,"꺄끄누님 상한가⬆️⬆️⬆️|아침에 눈뜨면 무조건 이거부터 봅니다 감사드립니다|출근 하면서 매일 잘 듣고 있습니다 감사합니다|감사합니다~|오늘도 가자!|전해드렸습니댜~|고맙습니다|오늘도 감사합니다^^|아침 마다 정보 감사합니다 수고 하십시요|오늘도  감사합니다|감사합니다|항상 큰 도움 됩니다|감사드립니다|존슨앤존슨 ㅜ 아오 코로나 지긋지긋해요~|누나 나죽ㅇ~|좋은 뉴스 감사합니다.|전해 ~드렸습니다 ㅋㅋㅋㅋ|미국 참모들에  친일인사가 많은듯 오바마때처럼|혈전...|아~  ""당신이 잠든 사이""
""오늘장 놓쳐선 안될""
이런 제목들이 빠진걸 이제 봤어요. 
앞으론 미국이나 한국 증시에 영향을 줄만한 이슈만이 아닌, 모든 해외이슈를 다루는 그저 평범한 뉴스가 되지 않기를 바라는 마음에 앞의 댓글을 달았네요.|매일 아침 잘보고있습니다
좋은 뉴스 감사합니다|고운 누나 잘 듣고 가요 😘|땡     큐|땡     큐|오늘도 감사용|테슬라!! 으차피 화성 갈끄니까으~~|테슬라는 살아있네요~감사합니다|속보 발표 내용이 잘못됬습니다. ""두번째 접종이후 6개월이 지난다면 90% 이상의 효능""이 아니라 ""두번째 접종 후 최대 6개월까지 90%의 효능을 유지한다""가 맞습니다. 보여준 영문을 잘못 해석했네요.|ㄱㄱF끄😀|주식에서 피할3가지 해야할3가지|최대 6개월까지 90%가 넘는 효능을 나타낸다가 맞는 듯해요|감사드립니다 좋은 하루되세요|박고운 짱 ! 딕션에 전달력 좋아요 !!|비트코인이 사상 최대로 고점을 찍어 버렸네요...이렇게 된다면 암호화폐 관련 주식들도 다시 한번 부각을 나타 낼 것으로 예상이 됩니다. 불사조님도 암호화폐쪽의 업황들을 간혹 설명해 주셨는데, 이제는 한 섹터로써 유심히 지켜봐야 할 업종인것 같아요. 영상 잘 보았습니다 ^^|일본놈들 후쿠시마 원전방류 큰일이네요|와! 세원이 눈나!|한국경제 광고 골라서 받으면 안됨? 리딩방광고 홍보해주네|Ttle|항상 유익한 소식에 감사드립니다. 근데 최근에 크게 이슈화되고 있는 소식이긴 하지만 후쿠시마 오염수 방류사건을 굳이 여기서 다시 언급할 필요가 있는지, 그 사건이 글로벌 증시에 어떤 영향이 있는건지, 뭔가 분량 채우기 같은 느낌이 드는것은 나만의 편협한 생각일까요?  아침에 이 방송을 즐겨 보는 이유는 글로벌 이슈중 특히 간밤의 미국증시 상황과 향후 전망에 대한 유익한 정보를 얻기  위함인데, 저만의 생각인지 모르겠습니다."
,퇴근길 꼭 봐야할 내일장 공략주 / 다음주 공략주 / 성공투자 오후증시 / 한국경제TV,2021. 4. 13.,http://www.youtube.com/watch?v=HndJAMa84v4,"조회수 19,528회",좋아요 414개,싫어요 8개,"815머니, 삼프로 ,,여기 다 삼성사라고 난리네?왜?|와우넷에서 젤~ 정의로운 한동훈  항상 감사합니다 ^^|감사합니다|감사합니다|오늘부터 매일 시청하겠습니다 ㅎ 감사합니다 시청하시는 모든분들 부자되십시오 !ㅎ|설명까지들으니 설득당함
공부할게요 감사!|삼성이 없는 대한민국은 어떻게 될까?|퇴근길 영상 시청하시는 직장인분들
힘내시고 내일도 성투하세요ㅎ
직장인주린이유터버올림"
,하노이ㆍ호찌민 이색 사무실 뜬다 ‘테크기업 성장 영향’/ 베트남투자가이드 / 한국경제TV,2021. 4. 13.,http://www.youtube.com/watch?v=HndJAMa84v4,"조회수 1,501회",좋아요 16개,싫어요 4개,곧 망할 베트남인데 ㅋㅋ무슨투자ㅋㅋ|이런 곳도 세금 지원하냐?
,퇴근길 꼭 봐야할 종목구조대 / 다음주 공략주 / 성공투자 오후증시 / 한국경제TV,2021. 4. 13.,http://www.youtube.com/watch?v=HndJAMa84v4,"조회수 4,438회",좋아요 60개,싫어요 1개,유튜브  리딩방까주는남자 라고있는데 작정하고 리딩방 수익 전부 공개 영상!!ㅋㅋㅋ|감사합니다
,코로나도 이겨낸 K-뷰티! 중국향 수출기대 코스맥스 주목/이기택의 종목인사이드/트레이딩핫타임/한국경제TV,2021. 4. 13.,http://www.youtube.com/watch?v=HndJAMa84v4,"조회수 2,191회",좋아요 35개,싫어요 3개,
,오늘장 10분으로 끝낼 종목! 기아 vs 삼영화학/임주아의 뜨거운 10분/트레이딩핫타임/한국경제TV,2021. 4. 13.,http://www.youtube.com/watch?v=HndJAMa84v4,"조회수 10,580회",좋아요 238개,싫어요 8개,
,태평양 건너간 K-웹툰! 오늘장 한 장으로 끝내는 디앤씨미디어 주목/이상로의 빨간주식/트레이딩핫타임/한국경제TV,2021. 4. 13.,http://www.youtube.com/watch?v=HndJAMa84v4,"조회수 3,830회",좋아요 66개,싫어요 없음,"감사합니다|디앤씨미디어에서 주목해야 할 부분은 지식재산권(IP)이라고 봅니다. 가끔 디즈니나 픽사의 애니메이션을 보면 스토리라인이 엄청 방대하고 짜임새가 있다고 느낄 때가 많습니다. 웹툰, 웹소설도 마찬가지인데요~ 두번 다 천만흥행을 성공했던 신과함께 또한 웹툰 기반이었고, 이태원클래쓰, 스위트홈, 최근 인기를 끌었던 승리호까지.. 웹툰, 웹소설 IP가 다양하게 활용되고 있습니다. 얼마전 딸아이 책을 보니까 수학책에도 웹툰 IP가 활용되기도 하더라구요. IP에 대한 재해석과 컨텐츠라는 무형자산에 대한 재평가가 이루어지는 시기입니다. 2년전 '미스터블루'라는 웹툰서비스기업을 방송에서 추천한 적이 있었는데 잡주 추천한다고 항의전화 왔던게 불현듯 기억나기도 합니다.  이렇게 정리하고 싶습니다. 신컨텐츠의 시대, 관련종목은 아직도 많다~"
,주목할 건설주/외국인의 눈/최성민의 빅샷/한국경제TV,2021. 4. 13.,http://www.youtube.com/watch?v=HndJAMa84v4,"조회수 42,708회",좋아요 844개,싫어요 24개,"감사합니다|항상 감사드립니다 ^^|98|Gs건설주   어떨까요?|카카오|에넥스 너무위험에보이는데 ㅠㅠ 적자에 부채에 유보율 도 너무 ㅠㅠ  흐미|한진중공업 향후 어떨까요?|우문현답이네|존리님 같은 분이 많아야 합니다|시가총액5000억대 영업이익1445억 부채비율 18%  디벨로퍼 동원개발이 TOP일듯ᆢ|국민여금 주식 다팔고
체권만하라|감사합니다
건자재대장주   한일현대시멘트   아자장|이사님. 반갑습니다.   대표님반갑니다 ^^|건설주로는 삼엔과 대우건설 보고있는 중인데 마침 건설주 설명해줘서 집중해서봤습니다. 불사조님도 탑픽으로 고른듯해서. ㅎㅎ 작년에 현대건설로 배불리 먹었는데 여태 갖고있을걸 그랬네요|자기맘대로 늘리냐고????
무슨 생각으로 그런말을??"
,백신여권 관련주/앵커의 눈/최성민의 빅샷/한국경제TV,2021. 4. 13.,http://www.youtube.com/watch?v=HndJAMa84v4,"조회수 4,771회",좋아요 101개,싫어요 6개,"감사합니더|누구든지 짐승의표666(백신,칩)을 손이나 이마에 받는 자는 밤낮 쉼을 얻지 못하겠고,
짐승(적그리스도)에게 경배하는 자는 영원한 형벌 지옥불에 들어가리라!|백신여권이랑 관련이 없데요...|폭스뉴스가 백신여권이 666 짐승의 표가 될 것임을 예고하다.
https://m.blog.naver.com/esedae/222296866997
""바이든이 추진하는 백신여권은 '짐승의 표'라고 불리워야 한다."" - 마조리 테일러 그린 -
https://m.blog.naver.com/esedae/222294709572
유럽연합과 대한민국이 백신 여권 도입을 준비하고 있다.
https://m.blog.naver.com/esedae/222262742522
이스라엘 - 백신 증명서가 없으면 사회생활이 불가능해진다.
https://youtu.be/AYCk5fqBLbI
https://m.blog.naver.com/esedae/222243859035
""극장, 영화관 스포츠 시설 등을 출입하려면 백신접종 여부를 확인 받아라!""
https://m.blog.naver.com/esedae/222161351029
세계 공통 백신 여권은 세계정부의 신분증이 될 것이다
https://youtu.be/wGIL_YUMhSA
https://m.blog.naver.com/esedae/222211003248
백신여권과 WHO
https://m.blog.naver.com/esedae/222269486574
2021년의 화두는 ‘백신여권’
https://youtu.be/K1LxveP26rg
https://m.blog.naver.com/esedae/222192779920
이스라엘의 그린 배지와 나치의 육망성 배지 그리고 짐승의 표
https://m.blog.naver.com/esedae/222257112704
저가 모든 자 곧 작은 자나 큰 자나 부자나 빈궁한 자나 자유한 자나 종들로 그 오른손에나 이마에 표를 받게 하고, 누구든지 이 표를 가진 자 외에는 매매를 못하게 하니 이 표는 곧 짐승의 이름이나 그 이름의 수라. 지혜가 여기 있으니 총명한 자는 그 짐승의 수를 세어 보라. 그 수는 사람의 수니 육백 육십 륙이니라.
- 요한계시록 13장 16~18절 말씀 -
모든 서울시민에게 스마트워치를? 그렇다면 다음엔 베리칩인가?
https://youtu.be/CMq1rLmm49g
https://m.blog.naver.com/esedae/222227285333
뇌에 칩(이마에 표?)을 심으려는 자들
https://youtu.be/c_p_7RWuKL0
https://m.blog.naver.com/esedae/222232580300
스마트 태그? 스마트 개줄!!
https://youtu.be/JE6kPqSPVQE
베리칩이 없으면 산책시키지 마세요!
https://m.blog.naver.com/esedae/222275757130
디지털 뉴딜-베리칩 통제사회를 위한 기본 인프라
https://youtu.be/5ImuI48udVA
칩(센서)을 내장한 마스크를 사용하자?
https://m.blog.naver.com/esedae/222307245270
코로나 캠프?
https://youtu.be/WuMqaTTlnIE
https://m.blog.naver.com/esedae/222213401556
FEMA 수용소가 연상되는 컨테이너 병상
https://m.blog.naver.com/esedae/222168871246
2090년 미래 계급 전망? 
https://m.blog.naver.com/esedae/222145391846
https://youtu.be/1miBjXxyhOg
https://youtu.be/ki9sCnRssLA
엘리트들의 은밀한 사생활 피자게이트(재업)
https://m.blog.naver.com/esedae/221870971081
아드레노크롬 – 어린아이들을 희생시켜 젊음을 유지하려는 사악한 자들
https://m.blog.naver.com/esedae/222175298873
블랙 아이 클럽?   
https://youtu.be/5YusRhvTsRY
https://m.blog.naver.com/esedae/222170007156
본격적인 식인의 시대가 도래할 것인가?
https://youtu.be/e6gPtr-E2MY
대한민국이 유전자 조작 사업에 본격적으로 뛰어드는 것인가?
https://m.blog.naver.com/esedae/222292266429
빌게이츠가 하늘에다 분필가루를 뿌리려 하고 있다.
https://m.blog.naver.com/esedae/222286816921
릴 나스 엑스와 나이키가 협업하여 666 사탄 신발을 출시하였다.
https://youtu.be/VDholgb7n0U
https://m.blog.naver.com/esedae/222291125730
사탄 운동화에 대한 나이키의 소송 대상이 왜 릴 나스 엑스가 아닌 MSCHF인가?
https://m.blog.naver.com/esedae/222293546877
교회 안에서 암약하는 맘몬의 사제들
https://m.blog.naver.com/esedae/222285679574
전광훈의 3.1절 광화문 집회 예고 - 이대로면 교회를 향해 계란이 아니라 돌을 던지는 모습을 보게 될 것이다.
https://youtu.be/r04KMn0HTZo
https://m.blog.naver.com/esedae/222252515821
할많하않
https://m.blog.naver.com/esedae/222257457945
아! 차별금지법(재게시)
https://m.blog.naver.com/esedae/222257423491
질병관리청, ""사실 교회발 코로나 없었다""...시민들은 '멘붕'
http://www.fntoday.co.kr/news/articleView.html?idxno=247964
20대 청년, 코로나 백신 맞고 걷지도 못해...65세 이상은 안전한가?-이왕재 서울대 면역학과 명예교수
https://youtu.be/Fdlh_dcCJEQ
코로나19 백신 의무접종 반대 의료인 성명서 - 전국민 서명 운동
http://endpandemic.kr/
""미국, 백신 맞고 숨진 사례 두달새 1000건 육박, 이 중 48시간 내 사망은 1/3""
http://www.fntoday.co.kr/news/articleView.html?idxno=248784
백신 부작용 현황 공식사이트, ""백신 부작용으로 9,626명 사망, 819,704명 부상""
http://www.fntoday.co.kr/news/articleView.html?idxno=249123
영국, 코로나 백신 부작용 보고된 것만 4만 건..
http://www.fntoday.co.kr/news/articleView.html?idxno=249249
59세 화이자 CEO, 왜 아직도 코로나 백신 안 맞고 있을까?
http://www.upinews.kr/newsView/upi202102090037?utm_source=dable
""코로나 백신 안 맞으려면 간호사 그만두래요""...의료인들 속앓이
http://m.upinews.kr/newsView/upi202102250032
백신접종을 거부하면 직장에서 쫓겨날 것이다.
https://m.blog.naver.com/esedae/222284508959
코로나 백신 접종 하루만에 부작용 속출
http://www.fntoday.co.kr/news/articleView.html?idxno=249248
미국 의료진 40% 백신접종 거부...""우리가 실험용 쥐냐""
http://www.upinews.kr/newsView/upi202102010059?utm_source=dable
""실험 가축이 되기 싫다""...코로나 백신 의무접종 반대 잇달아
http://www.upinews.kr/newsView/upi202102160031?utm_source=dable
""코로나 백신 효용성, 안전성 검증 안돼...의무 접종에 반대""
http://www.upinews.kr/newsView/upi202102150006?utm_source=dable
스탠퍼드대 연구진 ""코로나 피해 지나치게 과장.독감과 큰 차이 없다.""
https://n.news.naver.com/mnews/article/015/0004324133?sid=104
""정상인도 코로나 면역세포 이미 갖고있다"" 서울대 교수팀 충격 발표
http://www.fntoday.co.kr/news/articleView.html?idxno=247801
최고의 전염병 학자, ""독감이 코로나19로 간주되고 있다.""
https://m.blog.naver.com/sekiho007/222199615380
이왕재 교수 ""집단면역? 백신으로 코로나 예방 자체가 불가능""
https://m.blog.naver.com/esedae/222209317235
백신으로는 코로나 사태가 해결될 수 없다.
https://youtu.be/9xgpZYAFtsQ
https://m.blog.naver.com/esedae/222218387583
이왕재 교수 ""백신-사망 인과관계 없다? 모른다고 해야 옳다""
https://m.blog.naver.com/esedae/222281437183
""코로나19는 기획됐다"" 고발한 프랑스 다큐 <홀드업>
https://m.blog.naver.com/esedae/222154893317
코로나 20이 출현했는가?
https://m.blog.naver.com/esedae/222181535274
코로나 23(COVID 23)의 출현을 알리는 영화 송버드
https://youtu.be/ZdldTFmu4l0
https://m.blog.naver.com/esedae/222163540643
기본소득, 통제사회로 가는 첫걸음
https://youtu.be/PoQVNmilNM4
비트코인의 급등, 달러붕괴의 신호탄인가?
https://youtu.be/9p6Xn5bshCA
https://m.blog.naver.com/esedae/222246418086
비트코인의 상승 비스트 코인의 출현을 알리고 있는가?
https://m.blog.naver.com/esedae/222241841844
비트코인의 급등. 화폐붕괴(화폐통합)의 신호탄인가?
https://m.blog.naver.com/esedae/222177549251
베네수엘라가 100% 디지털 경제 시스템을 도입한다.
https://m.blog.naver.com/esedae/222195610592
기후변화협정은 국가를 통제하기 위한 수단이다
https://m.blog.naver.com/esedae/222236130293
세계화폐의 왕좌를 차지하기 위한 가상화폐 전쟁이 시작되었다
https://m.blog.naver.com/esedae/222237498624
하나님이 죄를 알지도 못하신 이를 우리를 대신하여 죄로 삼으신 것은 우리로 하여금 그 안에서 하나님의 의가 되게 하려 하심이라
- 고린도후서 5장 21절 말씀 -
나는 선한 목자다
나는 내 양을 알고, 내 양은 나를 안다
그것은 마치, 아버지께서 나를 아시고, 내가 아버지를 아는 것과 같다
나는 양들을 위하여 내 목숨을 버린다
- 요한복음 10장 14, 15절 말씀 -
https://youtu.be/pXKA3rg-k-w
(사도신경의 내용을)사람이 마음으로 믿어 의에 이르고 입으로 시인하여 구원에 이르느니라.
- 로마서 10장 10절 말씀 -
회개하라!! 천국이 가까웠다!!!!!
- 마태복음 4장 17절 말씀 -
""예수님, 내게 긍휼을 베푸소서.
나는 죄인입니다.
이제 나를 구원하소서.
나는 당신을 나의 구세주로 영접합니다.""
""누구든지 주의 이름을 부르는 자는 구원에 이르느니라.""
- 로마서 10장 13절 말씀 -
너희가 그 은혜를 인하여 믿음으로 말미암아 구원을 얻었나니 이것이 너희에게서 난 것이 아니요 하나님의 선물이라 행위에서 난 것이 아니니 누구든지 자랑치 못하게 함이니라
- 에베소서 2장 8~9절 말씀 -
미국의 기독교인들 가운데 반 이상이 선한 행위를 해야 천국에 간다고 믿고 있다.
https://m.blog.naver.com/esedae/222059245477
만화 전도지
http://m.blog.naver.com/leolik/221609985996
하나님이 세상을 이처럼 사랑하사 독생자를 주셨으니 이는 저를 믿는 자마다 멸망치 않고 영생을 얻게 하려 하심이라
- 요한복음 3장 16절 말씀 -
어벤져스 인피니트 워 인구감축과 휴거
https://youtu.be/10Gkwq_K-Qc
https://youtu.be/4GzAHRwotDk
https://youtu.be/T-HY1TFDL3s
https://youtu.be/ABKK2xnCr58
https://youtu.be/8LoGPskUPyQ
https://youtu.be/8xXa4_onkzI
휴거에 관한 영화 ‘가나의 혼인 잔치 : 언약’
https://m.blog.naver.com/esedae/222185742675
<출처 : 펜앤드마이크TV뉴스와 파이낸스투데이 기사와 UPI뉴스 기사와 한국경제 기사와 이세대가가기전에 유튜브와 블로그와 복음만화 저장소 블로그와 가을하늘 블로그 그리고 김태화 유튜브>"
,백신접종률과 증시/기관의 눈/최성민의 빅샷/한국경제TV,2021. 4. 13.,http://www.youtube.com/watch?v=HndJAMa84v4,조회수 905회,좋아요 23개,싫어요 2개,
,좋은 실적은 이미 반영됐다 문제는 미국 국채금리 상승세 지켜봐야(이진우)/ 주식경제 이슈분석 / 한국경제TV,2021. 4. 13.,http://www.youtube.com/watch?v=HndJAMa84v4,"조회수 7,215회",좋아요 202개,싫어요 5개,😀😁😄☺👍|감사합니다
,미국 반도체 되찾겠다 바이든에 화답한 인텔 CEO의 말 고민 깊은 삼성전자(최양오)/ 주식경제 이슈분석 / 한국경제TV,2021. 4. 13.,http://www.youtube.com/watch?v=HndJAMa84v4,"조회수 35,571회",좋아요 758개,싫어요 25개,"어쩌다 우리가 저기 껴버린겨 ㅎㅎ|WoW~ 반가운 최양오님이다|미국서 만들면 인건비 장난 아닐텐데,,|인텔은|바이든이 법인세 28%로  인상한다고 하고
전기 수도 인건비
모든게 비싼 미국땅에
공장증설하는거
정말 신중해야 한다|미국놈들 도둑놈들이네.....|ㅣ|이즈리나 검색구독 연애편 주식편 봐주세요|중국도  저러다 박살 났지 반도체 굴기 하다가 삽질 엄청나게 했지|인텔은 바이든에게
협력하고
주가는 4%대 폭락했다.

10나노 기술로
파운드리 하겠다고
200억불 삽질하고
또 돈도 안되는
자동차용 반도체 생산하겠다고
하니
시장은  싸늘하게 반응
폭락했다|STM. 반도체 숄티지로 인한 1분기 어닝 서프라이즈. 태슬라, 애플 등 거물급 계약. 앞으로 3년은 존버할 주식.|삼성은 텍사스가 세금 20년 감세하기전까진 간봐야지 ㅋㅋ|유튜브 리딩방까주는남자 라고있는데 작정하고 리딩방 수익전부 공개 합니다.|유튜브  리딩방까주는남자 라고있는데 작정하고 리딩방 수익 전부 공개 영상ㅋㅋㅋㅋ|유튜브  리딩방까주는남자 라고있는데 작정하고 리딩방 수익 전부 공개 영상!!ㅋㅋㅋ|유튜브  리딩방까주는남자 라고있는데 작정하고 리딩방 수익 전부 공개 영상!!ㅋㅋㅋ|유튜브 리딩방까주는남자 라고있는데 작정하고 리딩방 수익 전부 공개 영상.ㅋㅋㅋㅋㅋㅋ|면 기술로 대응을해 그냥 미국에 붙어야지 아니 붙을 수 밖에 없어 ㅋ|시끄럽고 
중요한것은!
몰까요^^
응 바이든 내종

우리는요.!!!|반도체 개발은 꼭 한국이 특허를 보유해야하니 미국에서 공장을 세우지만 삼성반도체 개발 생산 특허 주체가 꼭 한국이어야 하며 ..이것이 우리의 보물이며 생계를 위한 자산이다.
백년대개의 앞을 내다보고 절대로 기술개발의 주체도 한국에 두고  반도체의 흐름을  잘 보고 게을리하거나 착각하거나 그들의 농간에 방삼하거나 속으면 안될 것이다.
정부는 기업의 활동에 대해서 제제하거나 법을 남발해서는 안되고 꼭 윈윈할 수 있는 법으로 제정해서 자동차 반도체및 양자 컴퓨터.시스템 소프트개발등을 활성화하여
기업이 못하는 부분을 국가가 조성하여 세계로 뻗어나갈 수 있는 발판을 마련해 주어야 한다.|미친것들,,원천기술이 미국에서 나오는데,,,아직도 줄타기 할생각,,ㅋ,ㅋ,,"
,코로나19 4차 대유행 우려 진단키트 관련주 바디텍메드 / 한국경제TV / 증시라인,2021. 4. 13.,http://www.youtube.com/watch?v=HndJAMa84v4,"조회수 3,535회",좋아요 61개,싫어요 6개,오늘 상한가|감신합니다^^|바디텍메드|안타까운건 대표는 주주 친화적인건 없으니 기대는 마세요
,"피델리티가, 백신 테마주인 대한약품에 투자한 이유는? / 공진단 / 한국경제TV",2021. 4. 13.,http://www.youtube.com/watch?v=HndJAMa84v4,"조회수 1,739회",좋아요 23개,싫어요 1개,"오늘 무극선생님 나오시는 날 아닌가요???
항상 기다리고 보는데 오늘 왜 안나오시죠??|개미 투자자의 추격 매수가 우려됩니다.|백신관련성은 정말 어이가 없는게 백신주사 놓을때 쬐끄만한 생리식염수에 섞어서 놓는데 그거 백만개 팔아봐야 몇억 밖에 안되요. 그 쬐끄만한 생리식염수 하나에 7-10인분 뽑아냅니다."
,"코스닥 1000 돌파! 못기다리면 못먹는다, 실적 유망 종목 공략 / 김우식의 진짜전략 / 한국경제TV",2021. 4. 13.,http://www.youtube.com/watch?v=HndJAMa84v4,"조회수 22,222회",좋아요 519개,싫어요 16개,"전문가님 너무너무 시원하고 명확하게 잘 알려주셔서 진심 감사합니다~~|개관니네가운영하는 펀드도 수익률이 지수를 못따라가는데 누구보고 분발하라는거야|코스닥 둘 러리일뿐이다|코스닥 시대가 옵니다.|감사합니다|연기금 오늘도 팔았는데
뭔 소리야|쫀쫀한놈 ㅎ|천 포인트 돌파했다고 주식 하는 사람들이 좋냐 야 개관들하고 연기금하고 외국인 놈들이야 좋겠지.|끝낫나보네|무극선생 이승조님 오늘 가다렸는데 안나오시나요"
,0413 놓쳐선 안 될 '30초 투자뉴스' 2,2021. 4. 13.,http://www.youtube.com/watch?v=HndJAMa84v4,"조회수 1,207회",좋아요 17개,싫어요 없음,
,0413 놓쳐선 안 될 '30초 투자뉴스' 1,2021. 4. 13.,http://www.youtube.com/watch?v=HndJAMa84v4,조회수 661회,좋아요 7개,싫어요 1개,"조회수 96회...?|➡️ 18cams.xyz  ⤵️
 
 
 
B.e.S.T f'u""l'l D.a.T.i.n.G h.o.T G.i.r.L's
 
—L—o—V—e—S—e-X———❤️😘
 
..👍
 
!💖🖤❤️今後は気をライブ配信の再編ありがとうです！この日のライブ配信は、かならりやばかったですね！１万人を超える人が見ていたもん（笑）やっぱり人参最高！まさかのカメラ切り忘れでやら1かしたのもドキドキでした,.
 
 💖🖤在整個人類歷史上，強者，富人和具有狡猾特質的人捕食部落，氏族，城鎮，城市和鄉村中的弱者，無`'守和貧窮成員。然而，人類的生存意願迫使那些被拒絕，被剝奪或摧毀的基本需求的人們找到了一種生活方式，並繼續將其DNA融入不斷發展的人類社會。.
 
 說到食物，不要以為那些被拒絕的人只吃垃圾。相反，他們學會了在被忽視的肉類和蔬菜中尋找營養。他們學會了清潔，切塊，調味和慢燉慢燉的野菜和肉類，在食品市場上被忽略的部分家用蔬菜和肉類，並且學會了使用芳香的木煙（如山核桃，山核桃和豆科灌木 來調味g食物煮的時候 1618344931"
,"[한상춘의 지금세계는] 韓 증시, 외국인 자금 본격 유입 논쟁… 코스피 박스권 탈피 주역, 외국인 vs 동학개미?  / 한국경제TV",2021. 4. 13.,http://www.youtube.com/watch?v=HndJAMa84v4,"조회수 6,935회",좋아요 171개,싫어요 13개,
,매력적인 7%대 고배당주는? / THE PULSE  / 한국경제TV,2021. 4. 13.,http://www.youtube.com/watch?v=HndJAMa84v4,"조회수 3,243회",좋아요 102개,싫어요 2개,1번|2번|아..오늘은 메이크업이ㅜㅜ|조금은 생소한 고배당주. 잘 듣고갑니다그리고 새로운 스타일 잘어울리세요~
,어제장 놓쳐선 안됐을 미국주식 오늘장 놓칠지도 모르는 한국주식 오늘장 관심주: 메드팩토/ 한국경제TV,2021. 4. 13.,http://www.youtube.com/watch?v=HndJAMa84v4,"조회수 2,427회",좋아요 55개,싫어요 5개,유튜브 리딩방까주는남자 라고있는데 작정하고 리딩방 수익전부 공개하고있음ㅋ
,오늘장 놓쳐선 안 될 당신이 잠든사이 일어난 해외 이슈 7 / 출근전 꼭 봐야하는 글로벌 이슈 / 한국경제TV,2021. 4. 13.,http://www.youtube.com/watch?v=HndJAMa84v4,"조회수 85,653회","좋아요 2,091개",싫어요 50개,"박고운 캐스터님 시황 잘 듣고 갑니다 ^^|출근길에 매일 시청하고있습니다.
해외 증시 흐름을에 대해서 감잡는데 최고인듯합니다.
새벽부터 준비하셨을텐데 직원분들께 감사드립니다.|오늘도 상세한 시황분석 감사합니다~|매일 잘 보고 있습니다|좋은 뉴스 감사합니다.|1등|항상 감사합니다:) 즐거운 하루되세요!!|아침마다 경제 정보 잘 얻어갑니다 늘 감사합니다:)|꺄끄꺄끄|오늘 하루도 한국경제 tv보면서 시작 하네요~^^
너무 너무 감사합니다! ~
모두 좋은 하루 되시기 바랍니다!~~~|감사합니다 🙏|오늘도 어김없이 아침부터 맨위에 떠있네요 고마워요 유툽|고운 누나 넘 예뻐요 😍|오늘 10달러 이하 배당주 흥미로웠어요|감사합니다|감사합니다 매일 감사드림니다^^|꺄끄 꺄끄♡♡|출근 길 잘 들었습니다~~^^|오늘도 좋은 정보 감사합니다|경제가 귀에 안들어오는 본격 여신 남신 방송... ㄷㄷ|우리도 대마초 규제 풀고 대마초 30조 시장 진출하자.|정말 딱 듣고싶은것만 전해주시니  너무 좋아요|Nvidia 질주하네요. 오늘도 좋은 뉴스 감사합니다|감사드립니다|고맙습니다|한국내에도  기업이  투자하기 좋은   환경이되어  일자리가 창출되게   정부도   노력하였으면 합니다.|땡    큐|오 홍성진 캐스터님 차분하고 부드러운 어투에 귀가 쫑긋|이 프로~.   bgm~.   바꿔 주셔야~~~.  투심을.  차분하게 하는~~~~~. 음악으로.....|박고운 캐스터는 역시 시황이 젤 잘 어울려요.|좋은 아침입니다.|우리나라 기업이 투자를 다른나라 눈치를 봐야하는게 씁씁하네요~~|프랑스꺆끄지수 들으러 왔읍니다. 찬휘형의 꺅끄도 그리워효|주식에서 피할3가지 해야할3가지|2013년 두바이에 파견되었을 때, 차들이 엄청 과속하던데 자율주행이 여기에 제대로 대응할까?|Lowes는 로위스 아니고 로우스라고 발음합니다|박고운님 뉴스 전달력이 너무 좋아용|매일시청하고잇습니다.감사합니다|박고운 캐스터 목감기 증상인가요? 조기 회복 기원해요. 강다은 캐스터 고교생 컨셉 아주 신선하구요. 오늘 헤어스타일 멋스러워요. ^|Nice body"
,퇴근길 꼭 봐야할 종목구조대 / 다음주 공략주 / 성공투자 오후증시 / 한국경제TV,2021. 4. 12.,http://www.youtube.com/watch?v=HndJAMa84v4,"조회수 13,369회",좋아요 270개,싫어요 6개,"경은 앵커님 진행 정말 잘하시네요ㅎ
BJ단테님께는 주식에 대해서 배울게 많지만 한국경제TV에서는 경제에 대해서 배울게 정말 많습니다^^
앞으로도 많이 배우겠습니다!!|감사합니다|,|진행 매끄럽고 잘들리네요. Db하이텍 박스권이 아쉽네요.ㅠ|https://www.youtube.com/watch?v=PRQfhCkYTBg

주식 리딩방 실제로 수익이 나는지 확인해 봤습니다
기업 vs 개인 제가 이길 수 있을까요."
,퇴근길 꼭 봐야할 내일장 공략주 / 다음주 공략주 / 성공투자 오후증시 / 한국경제TV,2021. 4. 12.,http://www.youtube.com/watch?v=HndJAMa84v4,"조회수 5,619회",좋아요 97개,싫어요 5개,"감사합니다|1등|https://www.youtube.com/watch?v=PRQfhCkYTBg
 
주식 리딩방 실제로 수익이 나는지 확인해 봤습니다
기업 vs 개인 제가 이길 수 있을까요.|진짜 트레이딩을 재촉하는규나 ㅋㅋㅋㅋ 투자가아니라|유튜브  리딩방까주는남자 라고있는데 작정하고 리딩방 수익 전부 공개 영상!!ㅋㅋㅋ"
,환율·금리 매력 있는 아시아 신흥국에 글로벌 자금 쏠린다(김한진)/ 주식경제 이슈분석 / 한국경제TV,2021. 4. 12.,http://www.youtube.com/watch?v=HndJAMa84v4,"조회수 9,465회",좋아요 198개,싫어요 9개,"모르면 몰라도 이미 다 아는 사실인데 ㅠㅜ
그걸 이미 반영해서 코로나 이전보다 더 비쌈|암호화폐 버블에 대한 고견을 들려주세요.|경제지 아니랄까봐 너무 상승 상승 말하는듯;|유튜브 리딩방까주는남자 라고있는데 작정하고 리딩방 수익전부 공개하고있음ㅋㅋ|유튜브 리딩방까주는남자 라고있는데 작정하고 리딩방 수익전부 공개 합니다.!|중국기업, 금융 외국자본에 100% 오픈.  미국과 서구자본들이 진입.  몇년 내지 10년정도 키우다 도축할것임.  중국 투자 위험합니다.|유튜브 리딩방까주는남자 라고있는데 작정하고 리딩방을 수익 전부 공개 영상.ㅋㅋㅋㅋㅋㅋ|김한진님 주장 반대로 하려고 시청 중입니다|이분 작년 대세 상승장때 코스피 절대 더 못간다고 하셨는데..  나중에 말 바꾸셨죠..  현명하신 분이지만 절대적인 기준은 아닙니다.. 아 물론 저도 상승론자입니다 ㅎㅎㅎ"
,K-조선의 모든 것 수주 전세계 1위 주가 급등 이유와 주목할 탑픽은?(이동헌)/ 주식경제 이슈분석 / 한국경제TV,2021. 4. 12.,http://www.youtube.com/watch?v=HndJAMa84v4,"조회수 30,856회",좋아요 519개,싫어요 13개,7:28|감사합니다|유튜브  리딩방까주는남자 라고있는데 작정하고 리딩방 수익 전부 공개 영상!!ㅋㅋㅋㅋㅋ|주가는 개꼬라지
,주식으로 돈 벌려면 자신만의 원칙을 가져라/목대균의 핫소스/트레이딩핫타임/한국경제TV,2021. 4. 12.,http://www.youtube.com/watch?v=HndJAMa84v4,"조회수 1,684회",좋아요 40개,싫어요 7개,
,대양전기공업 VS 초록뱀미디어/박우신의 뜨거운 10분/트레이딩핫타임/한국경제TV,2021. 4. 12.,http://www.youtube.com/watch?v=HndJAMa84v4,"조회수 9,288회",좋아요 155개,싫어요 6개,"큰 도움이 됐습니다. 감사합니다~!|진행구려요|박우신 굿입니다|잘봤습니다. 근데 워딩 중에 영업맨보다는 주식추천가 주식전문가라는 단어가 좋지 않을까 싶네요.|방송준비 너무 성의 없게 했구만 ~~.. 언제적부터 나온 얘기들 인지 ~~ 
드라마 제목도 잘 모르고 ㅋㅋ|Best Datting Click 🔽
 
18cams.xyz
 
 
 
在整個人類歷史上，強者，富人和具有狡猾特質的人捕食部落，氏族，城鎮，城市和鄉村中的弱者，無`'守和貧窮成員。然而，人類的生存意願迫使那些被拒絕，被剝奪或摧毀的基本需求的人們找到了一種生活方式，並繼續將其DNA融入不斷發展的人類社會。
 
說到食物，不要以為那些被拒絕的人只吃垃圾。相反，他們學會了在被忽視的肉類和蔬菜中尋找營養。他們學會了清潔，切塊，調味和慢燉慢燉的野菜和肉類，在食品市場上被忽略的部分家用蔬菜和肉類，並且學會了使用芳香的木煙（如山核桃，山核桃和豆科灌木
 
來調味食物煮的時候 1618329725"
,오늘장 한 끝 LG화학 VS  SK이노/이상로의 빨간주식/트레이딩핫타임/한국경제TV,2021. 4. 12.,http://www.youtube.com/watch?v=HndJAMa84v4,"조회수 10,970회",좋아요 213개,싫어요 10개,"감사합니다|내가 본 2차전지 진단중에 가장 정확하다|뉴스에 팔았음.|그럼 삼성sdi는 왜이렇게 올랐어?|LG화학은 1분기 실적발표일이 4월 22일 입니다.(삼성SDI 5월 5일 예정) 영업이익 1조시대를 열것이냐에 대한 의견이 분분합니다. 1조달성은 가능할 것으로 보이는데 시장은 그에따라 하방경직성이 나오고 있다고 판단합니다. 다만, 1조달성이 화학업종의 마진개선으로 이루어지는 부분이기 때문에 2분기에도 실적을 이어갈 여지는 낮다고 보기 때문에 상방은 제한적일 것으로 전망합니다. LG화학 뿐만 아니라,  국내 2차전지관련주의 선전을 기대합니다."
,OLED 주도주/기관의 눈/최성민의 빅샷/한국경제TV,2021. 4. 12.,http://www.youtube.com/watch?v=HndJAMa84v4,"조회수 11,592회",좋아요 263개,싫어요 5개,"대표님  영상 감사합니다.|감사합니다|좀더  세밀히  부탁 드립니다.~^^^|OLED는 반도체가 해소된 다음 예기 아닌가요.
2차전지도 그렇고.  반도체 추가생산이 어려운데 무슨 OLED고 2차전지람?|OLED 의 대장주는 덕산네오룩스 🫐|B.e.S.T f'u""l'l D.a.T.i.n.G h.o.T G.i.r.L's —L—o—V—e—S—e-X———❤️😘 ..👍 Clickhere : 18cams.xyz
 
 
 
!💖🖤❤️今後は気をライブ配信の再編ありがとうです！この日のライブ配信は、かならりやばかったですね！１万人を超える人が見ていたもん（笑）やっぱり人参最高！まさかのカメラ切り忘れでやら1かしたのもドキドキでした,. 💖🖤在整個人類歷史上，強者，富人和具有狡猾特質的人捕食部落，氏族，城鎮，城市和鄉村中的弱者，無`'守和貧窮成員。然而，人類的生存意願迫使那些被拒絕，被剝奪或摧毀的基本需求的人們找到了一種生活方式，並繼續將其DNA融入不斷發展的人類社會。. 說到食物，不要以為那些被拒絕的人只吃垃圾。相反，他們學會了在被忽視的肉類和蔬菜中尋找營養。他們學會了清潔，切塊，調味和慢燉慢燉的野菜和肉類，在食品市場上被忽略的部分家用蔬菜和肉類，並且學會了使用芳香的木煙（如山核桃，山核桃和豆科灌木 來調味g食物煮的時候1
 
 1618273022"
,4월 주목할 IPO/기관의 눈/최성민의 빅샷/한국경제TV,2021. 4. 12.,http://www.youtube.com/watch?v=HndJAMa84v4,"조회수 2,408회",좋아요 59개,싫어요 1개,
,인트론바이오/앵커의 눈/최성민의 빅샷/한국경제TV,2021. 4. 12.,http://www.youtube.com/watch?v=HndJAMa84v4,"조회수 3,144회",좋아요 88개,싫어요 6개,
,디스플레이 세정장비 약액장비 제조 신규 일주일 3% 공략주 DMS  / 한국경제TV / 증시라인,2021. 4. 12.,http://www.youtube.com/watch?v=HndJAMa84v4,"조회수 3,684회",좋아요 77개,싫어요 5개,"갓선형 대표님 오늘 방송도 잘들었습니다^^ 
DMS홧팅입니다♡|김선형 대표님 👍👍👍👍👍👍👍|월요일 출근길 루틴!! 일주일마다 좋은 종목 추천해주셔서 감사합니다!!|한경에서 제일 믿음가는 김선형 대표님!!!
항상 잘 듣고 있어요 
황금에스티, 신규종목 DMS 화이팅입니다|늦은시간이라도 꼭 챙겨 보고싶은~~김선형  
대표님 
진솔한 경제학으로 늘 저희에게 팩트를 기반으로 경제를 전해 주시는분!!!!!! 감사히, 잘 봤습니다|dms장투 아니면 사지마세요

단타 치다 날아갑니다.

무섭게 갈듯|Dms per 11배가 아니라 5배입니다~|믿고 보는 방송입니다.  항상 주린이를 위해서 전체적인 시황등 앞으로의 증시 방향등을 깔끔하게 정리해서 얘기해주셔서 걱정이 되는 주식장에서 편안하게 투자하고 있습니다.  종목을 여러개 추천해주시고 내려갈때도 책임져주지 않는... 그런 방송하곤 넘 달라요.  한경 최고의 방송입니다. ^^"
,0412 놓쳐선 안 될 '30초 투자뉴스',2021. 4. 12.,http://www.youtube.com/watch?v=HndJAMa84v4,"조회수 1,047회",좋아요 16개,싫어요 1개,
,'母기업' GS건설의 후원과 재건축 확장세가 견인하는 자이에스앤디 / 공진단 / 한국경제TV,2021. 4. 12.,http://www.youtube.com/watch?v=HndJAMa84v4,"조회수 2,151회",좋아요 26개,싫어요 1개,
,"국민연금, 국내주식 확대, 실질적인 효과는 미지수 / 강영현의 진짜전략 / 한국경제TV",2021. 4. 12.,http://www.youtube.com/watch?v=HndJAMa84v4,"조회수 5,117회",좋아요 79개,싫어요 2개,잘 들었습니다
,전형적 실적시즌 장세... 실적발표 기업 주목 / 선택! 오늘의종목 / 한국경제TV,2021. 4. 12.,http://www.youtube.com/watch?v=HndJAMa84v4,"조회수 9,788회",좋아요 311개,싫어요 10개,"한상춘씨 제발 OUT!!!!!|부장님 영상보며 하루를 시작합니다.늘 믿고보는 부장님 좋은 정보공유 감사합니다.|박부장님 짱짱짱 ^^|반갑습니다 감사합니다❤|감사합니다 ^^|부장님 반갑습니다
늘 잘 듣고 있습니다|어머 박부장님 여기서 뵙네요^^ 훤하시네요~|박부장님 코감기 걸리셨나요? 코맹맹이 소리가 나요|박병창 부장님 넘 대단합니다.👍👍👍|한상춘이 알아듣지도 못하는 발음의 영어 섞어서 1시간 열올리며 떠드는것 보다 박병찬 부장님 매끄럽고 임팩트한 5분 훨씬 도움 됩니다. 감사합니다.|박부장님 감사합니다|박부장님 감사합니다|부장님~~~~~~~~~왜키멋찜요!!!!♥︎|저두요~~|박부장님  잘  보고 있습니다|부장님 방송만 따라 다녀요^^|부장님 계속 승승장구 하세요|카니발도 자동차 관련주 인가요?|박병창부장님 목소리에  믿음이 뚝뚝 떨어지는분이요
너무 좋아합니다^^"
,미국 이슈: 여행 재개 기대 / 오늘장 관심주: 신세계푸드 / 어제장 놓쳐선 안됐을 미국주식 오늘장 놓칠지도 모르는 한국주식 / 한국경제TV,2021. 4. 12.,http://www.youtube.com/watch?v=HndJAMa84v4,"조회수 2,246회",좋아요 38개,싫어요 1개,유튜브 리딩방까주는남자 라고있는데 작정하고 리딩방 수익 전부 공개 영상.ㅋㅋㅋㅋㅋㅋㅋ
,"어닝시즌 개막... JP모건, 델타, 펩시코 예상 실적은? / THE PULSE  / 한국경제TV",2021. 4. 12.,http://www.youtube.com/watch?v=HndJAMa84v4,"조회수 1,395회",좋아요 38개,싫어요 2개,
,기술주 반등 지속 될까? / 글로벌금융 투자센터 / 한국경제TV,2021. 4. 12.,http://www.youtube.com/watch?v=HndJAMa84v4,"조회수 1,528회",좋아요 52개,싫어요 없음,
,[한상춘의 지금세계는] 4.7 선거 이후 고민에 빠진 여야 대선 후보…”젊은 동학개미를 살려야 대통령된다“ / 한국경제TV,2021. 4. 12.,http://www.youtube.com/watch?v=HndJAMa84v4,"조회수 5,171회",좋아요 158개,싫어요 24개,
,오늘장 놓쳐선 안 될 당신이 잠든사이 일어난 해외 이슈 7 / 출근전 꼭 봐야하는 글로벌 이슈 / 한국경제TV,2021. 4. 12.,http://www.youtube.com/watch?v=HndJAMa84v4,"조회수 59,989회","좋아요 1,606개",싫어요 40개,"오늘장 놓쳐선 안 될 당신이 잠든사이 일어난 해외 이슈 7   이것도 카테고리 좀 따로 만들어주세요 매일 챙겨보는데.. 카테고리가 따로 없어서 불편해요 ㅠ 있으면 링크좀 부탁해요|내용 정리 너무 좋아요
1.25배로 보면 시간 절약도 됨|꺄끄꺄끄|잘보고 있습니다|땡      큐|매일 거르지 않는 한가지.. 글로벌 경제이슈.|이건 경제티비의 메인이다|신나는 한 주 되세요~ 이번주도 좋은 소식 기대되네요|앙 꺄끄띠!|일찍일어나는새가 돈번다|고운 캐스터님 시황 정리 👍|아침에 유툽키면 친절한 알고리즘이 제일 위에 뜨게해줌|감사합니다|고맙습니다|감사합니다|참 깔끔해서 아침에 꼭봐야 속시원함|박고운님 깔끔하고 상세한 내용 굿입니다 !|이번한주두  화이팅입니다~^^|썸네일 왤케 핫해짐ㅋㅋㅋㅋㅋㅋㅋㅋㅋㅋㅋㅋ|소통 감사합니다 ^ ^
 
이번에 구독자들과 주식 소통을 하려 무료 주식방을 오픈하였습니다.  https://open.kakao.com/o/gvDh6B6c 입장 해주세요 ! !|전가은님 기여워용|고은 아나운서 너무 좋아요 😍|요즘 자산 오르는거 보면 '화폐는 종이구나'를 확실히 깨닫게됨|포브스선정 최고의 모닝똥메뉴 1위|꺄끄|좋은 뉴스 감사합니다. 즐거운 한주 되시고요.|20:25 프로그램 종영하는줄 알았네 ㅋㅋㅋㅋㅋㅋㅋㅋㅋㅋㅋㅋㅋㅋㅋㅋㅋㅋㅋㅋㅋㅋ|전세원 앵커 잘하심"
,"[경제전쟁 꾼 6회] 4대천왕, 2분기 이렇게 본다! (박세익,윤지호,이선엽,이한영)",2021. 4. 9.,http://www.youtube.com/watch?v=HndJAMa84v4,"조회수 821,928회","좋아요 13,128개",싫어요 574개,"갓세익형님은 늘 결론을 시원하게 말씀해주시니 좋습니다 이 스쿼드의 토론 오래 보고 싶습니다^^|이런 양질의 콘텐츠 제공해준
한국경제 티비  최고~~!!
 이런 찐 프로들의 조합
너무 귀하고  좋아요|진짜 이 조합은 역대급 중 역대급이에요.. ㅠㅠ 제발 3분기 전에 한번더 해주세요.... 제발요 ㅠㅠㅠㅠ|이한영 본부장 설명은 항상 논리적이고 명쾌해서 귀를 기울이게 됩니다.|아니! 이 방송만 보고 나면 마치 책 한권 다 떼고 도서관을 나설때의 그런 뿌듯한 기분이랄까|박세익전무님 존잘♡♡♡♡♡|돈주고도 못사는 50분의 값진가르침 고수분들의 실전비기 감사합니다.|네분 조합 진짜 최고입니다
다음주에도 이 분들 볼수있게 해주세요 
갓세익전무님 팬입니다~♡|진짜 너무너무너무 유익한 토론임.
공중파에서 방영해줬으면 할정도로 너무 유익하네|예능보다 더 재밌어요 다큐보다 더 유익하고|참 어수선 하지 아니하면서도   맡은자리에서 조목조목 참 설명을 잘해주시네요  감사합니다  삼프로 김동환 센터장님 진행 잘하셔요|와 또 나오네 감사합니다 !!!|잘하시는줄은 알지만 
다시한번 예리하신 진행에 또 놀랍고~아주 유익함에 감사합니다|재미있네여 ... 고수분들 이야기 들을때마다  놀랍기만 하네여 잘 봤습니다.|실수를 줄이는 플레이=현금확보
조급함 버리자
타고난 투자본성을 거스른 투자를 하지말자|제도 보완이 안된상태에서 공매도 재개하면 안됩니다|스타군단 출동!!!|이분들을 한번에 다 볼수있어서 너무 좋습니다.. 감사합니다..계속해주세요~
그런데 배경음악이 정말 안어울려요...ㅋ|오늘도 1일1일 세익
박세익전무님은 아니 세익이형은 나의 아이돌 나만의 bts
공부랑은 한참멀던 제가 요즘 덕분에 경제공부에 푹 빠져버려서 눈떠서 자기전까지 공부만해요 게임보다 운동보다 그어떤것보다 이렇게 재미있을수가 ...알면알수록 재밌어요!
정말 감사합니다 박세익전무님!!
항상 건강하시고 더 많은 활동해주셨음ㅜ|갓세익님과 사회자까지 멋진 프로그램.|정말 퀄러티 높은 방송
감사합니다|썸네일만 봐도 가슴이 웅장해진다...|김프로님 수고하셨습니다 덕분에 공부 잘 했습니다 감사합니다 항상 건강하시고 행복하세요|오~ 또 하는건가요?땡큐|라이브로 하든지 녹화하자마자 업로드해 주세요, 부탁합니다|예전 ""수학의 정석""을 공부 하듯
기본 바탕과 고차방적식을 오가는,
좋은 말씀 감사합니다 ~
꼭 반복해서 듣고 싶네요|김프로님의진행은  타의추종을 불허합니다~~  이런프로그램을 만드신 모든분들 훌륭하십니다|모든 출연진분들 상대방의 말에 귀 기울이고 공감 해 주시는 모습 인상적입니다.|환상적인  조합~~♡♡♡|김프로님 최고~~ 고수 네분들도 항상 감사합니다^^|감사합니다|이거 실화냐?
대가들이 한자리에~|정말 잘 보았습니다. 훌륭한 전문가분들 모셔서 이렇게 유익한 방송해주셔서 감사합니다.|갓신님!~~♡♡♡♡♡♡|박세익 전무님~너무 좋아요~짱!이어요~♡|세상에 베스트셀러 1권읽은
정보입니다
토론의  신사입니다  
Good|최고|감사합니당 👀|쵝~고   쵝~고   입니다  박세익전무님|수고하셨습니다 감사합니다  방송잘보았습니다"
,AI 스마트 농장 혁신 선도 기업 ㈜엔씽 김혜연 대표 / 혁신성장코리아 / 한국경제TV,2021. 4. 9.,http://www.youtube.com/watch?v=HndJAMa84v4,"조회수 3,450회",좋아요 68개,싫어요 3개,
,퇴근길 꼭 봐야할 내일장 공략주 / 다음주 공략주 / 성공투자 오후증시 / 한국경제TV,2021. 4. 9.,http://www.youtube.com/watch?v=HndJAMa84v4,"조회수 8,219회",좋아요 198개,싫어요 5개,중간중간 전문가님 말씀 도중에 앵커분 멘트가 옥의티 ㅎㅎ좋은정보 감사합니다|내용은 좋은데 전화기가 이상한건지 소리 듣기가 거북
,퇴근길 꼭 봐야할 주도주 꿀팁 / 내일장 공략주 / 다음주 공략주 / 성공투자 오후증시 / 한국경제TV,2021. 4. 9.,http://www.youtube.com/watch?v=HndJAMa84v4,"조회수 7,910회",좋아요 160개,싫어요 4개,"이 자리에서 추천을 하나 ㅋㅋ|홀짝박사님 항상 잘보고있습니다! 도움주셔서 감사해요~|잘봤습니다 감사합니다! 제 채널에도 놀러와 주세요~ 영혼을 갈아 넣은 추천주 알려드려요!!|아직도 전문가 행세하고 다니네 이양반 ㅋ ㅋ ㅋ|덕분에 한미반도체 대응 잘 하고있음, 뉴스 봐도 반도체 종목 더 갈거 같다 시총2조 가려면 아직 더 가야된다. 한미반도체 가즈아~!!!!  그런데 오늘 방송에 안나오던데 어디간건가 이사람""?|한미반도체 오만가자|[강추]핸드폰 무료 채굴 코인 : 파이(Pi), 비(bee), 이글(eagle) 코인 추천인 : kitetail
http://blog.naver.com/kitetail   <=== 블로그에 다 있음
minepi.com/kitetail    <=== 파이코인 다운로드
24시간 채굴 끝날때까지 갑니다."
,퇴근길 꼭 봐야할 글로벌 이슈 / 내일장 공략주 /다음주 공략주 / 성공투자 오후증시 / 한국경제TV,2021. 4. 9.,http://www.youtube.com/watch?v=HndJAMa84v4,"조회수 3,048회",좋아요 62개,싫어요 2개,잘봤습니다 감사합니다! 제 채널에도 놀러와 주세요~ 영혼을 갈아 넣은 추천주 알려드려요!!|화이자 부럽 ㅠㅠ|감사합니다|화이자  ㅜㅜ|나도 화이자 맞고 싶다
,"주식으로 돈 벌려면 ""경쟁력 있는 기업과 평생 친구가 돼라""/이재훈의 핫소스/트레이딩핫타임/한국경제TV",2021. 4. 9.,http://www.youtube.com/watch?v=HndJAMa84v4,"조회수 2,928회",좋아요 69개,싫어요 4개,감사합니다|잘봤습니다 감사합니다! 제 채널에도 놀러와 주세요~ 영혼을 갈아 넣은 추천주 알려드려요!!|ㅇ
,10분 안에 당신을 사로잡을 종목! 연우 VS 인선이엔티/박현상의 뜨거운 10분/트레이딩핫타임/한국경제TV,2021. 4. 9.,http://www.youtube.com/watch?v=HndJAMa84v4,"조회수 15,824회",좋아요 380개,싫어요 17개,"진행자 진행 수준이 참.. 능력자 박차장 데려다놓고.. 뭔가 멘트를 계속 끊는다는 느낌|진행이 좀 매끄럽지가 않아보이는데... 앵커님도 주식 공부 많이하셔야할듯요|앵커님
진행이 볼때마다 좀
답답합니다|아무리 조으면 뭐하냐? 돈벌어도 주주에게 배당도 없고  뒤로 다 빼돌리는 양아치, 인선니|가장 중요한 핵심만 이야기 해주시네요~|목표가 룰은 시작전에 말 안하는게 국롤인가요? 늘 말하고 나면 알려주시네 ㅎ|박현상차장님 잘보고있어요♡♡|추천을 미리 예측 하고 해주지 발동 걸리고 최근 상승 마니 했구만  전문가  좀 더 잘합시다|감사합니다|연우는2만4천원대 들어갔어야지
지금은 좀 늦은거 아닌가요?|잘봤습니다 감사합니다! 제 채널에도 놀러와 주세요~ 영혼을 갈아 넣은 추천주 알려드려요!!"
,이상로의 오늘장 빨간 주식! 오늘장 한 장으로 끝내는 '에스티팜'/이상로의 빨간주식/트레이딩핫타임/한국경제TV,2021. 4. 9.,http://www.youtube.com/watch?v=HndJAMa84v4,"조회수 5,764회",좋아요 112개,싫어요 4개,"잘봤습니다 감사합니다! 제 채널에도 놀러와 주세요~ 영혼을 갈아 넣은 추천주 알려드려요!!|올릭스 분석부탁드려요|이즈리나 주식 !!!|에스티팜은 자체 개발도 추진하겠지만, 자체 LNP기술의 특허출원에도 불구,  긴급으로 기존  모더나, 화이자의 검증된 LNP기술을 도입한 것은 아마도 위 기업과의 CMO를 진행중인 것으로 생각됩니다~ 영상 잘 봤습니다~|[강추]핸드폰 무료 채굴 코인 : 파이(Pi), 비(bee), 이글(eagle) 코인 추천인 : kitetail
http://blog.naver.com/kitetail   <=== 블로그에 다 있음
minepi.com/kitetail    <=== 파이코인 다운로드
24시간 채굴 끝날때까지 갑니다.|에스티팜은 원료의약품관련이 주업종이기 때문에 그에 따른 재평가 가능성이 높은 반면, 고가권역에 대한 물량 저항도 꽤 있습니다. 그전까지는 추가상승가능성이 높을 것으로 전망합니다. 동아쏘시오홀딩스에 대한 기업가치도 주목할 필요가 있습니다. 대안주로 제시했던 아이진은 오늘 상한가 달성했네요. 축하드립니다."
,미국증시와 우리증시 / 기관의 눈 / 최성민의 빅샷 / 한국경제TV,2021. 4. 9.,http://www.youtube.com/watch?v=HndJAMa84v4,"조회수 3,328회",좋아요 70개,싫어요 2개,"이즈리나 주식@#~|청와대 청원 사이트 백신 여권 도입 반대 청원 부탁합니다. 신체의 자유가 없다면 인간이 아닙니다. 백신 접종은 개인의 선택사항이지 공무원들 마음대로 하는 것이 아닙니다.
https://www1.president.go.kr/petitions/597430  .....,..... ....."
,건설주 주목 / 기관의 눈 / 최성민의 빅샷 / 한국경제TV,2021. 4. 9.,http://www.youtube.com/watch?v=HndJAMa84v4,"조회수 21,551회",좋아요 443개,싫어요 12개,"감사합니다|감사합니다|건설주보단 자재주에 관심이 가네요|시멘트/ESG 대장주 한일현대시멘트|아    건자재대장주   한일현대시멘트|건설 시멘트주 한일현대시멘트❤️|한일현대시멘트 메모메모 하고 갑니다! ㅎㅎ 건설주가 어느정도 호황이 이루면서, 자재 사업들도 업황이 좋을꺼라고 예상은 했지만, 영상을 통해서 정리가 되네요 ㅎㅎ 불사조님도 건설주에 대해서 슈퍼사이클이라고 말씀해주셨는데, 조금 더 과감하게 해볼 수 있겠네요 ㅎ영상 잘 보았습니다 ㅎㅎ|건설주 3:30 시작입니다"
,지어소프트 / 앵커의 눈 / 히든마켓 스토리 / 최성민의 빅샷 / 한국경제TV,2021. 4. 9.,http://www.youtube.com/watch?v=HndJAMa84v4,"조회수 2,888회",좋아요 71개,싫어요 6개,지어소프트 오아시스가 잠재력이 큰 숨은 보물이군요!!!
,법인세율 올려라 옐런의 압박 기술주 부담줄이는 기발한 한 수(김일구)/ 주식경제 이슈분석 / 한국경제TV,2021. 4. 9.,http://www.youtube.com/watch?v=HndJAMa84v4,"조회수 36,058회",좋아요 667개,싫어요 31개,감사합니다 ^^|ㅈㅇㅉㅇㅈㅇㅊㅇㅈㅇㅊㅁ0|상무님 사랑해여!!❤️❤️|잘봤습니다 감사합니다! 제 채널에도 놀러와 주세요~ 영혼을 갈아 넣은 추천주 알려드려요!!|잘 듣고 갑니다 !!|인버스충들만 상무님 사랑해요 ㅋ|미국따라서  덩달아  거품키우고 있는 종목도... 어떻게  될까|배가 너무고프면 자기동족까지 먹갰네 😊|거대한 테마가 휩쓸고 있긴하죠. 비트코인 .. 테마인지 아닌지는 각자판단|구라치지  마라  너도 나팔수냐|말 좀 쉽게하면 안되나 사투리도 좀 고치고
,수익률 상위 1% 주식 초고수의 매매/ 한국경제TV / 증시라인,2021. 4. 9.,http://www.youtube.com/watch?v=HndJAMa84v4,"조회수 2,649회",좋아요 42개,싫어요 1개,"상위 이즈리나 ㄱㄱ|Best Datting Click 🔽
 
18cams.xyz
 
 
 
在整個人類歷史上，強者，富人和具有狡猾特質的人捕食部落，氏族，城鎮，城市和鄉村中的弱者，無`'守和貧窮成員。然而，人類的生存意願迫使那些被拒絕，被剝奪或摧毀的基本需求的人們找到了一種生活方式，並繼續將其DNA融入不斷發展的人類社會。
 
說到食物，不要以為那些被拒絕的人只吃垃圾。相反，他們學會了在被忽視的肉類和蔬菜中尋找營養。他們學會了清潔，切塊，調味和慢燉慢燉的野菜和肉類，在食品市場上被忽略的部分家用蔬菜和肉類，並且學會了使用芳香的木煙（如山核桃，山核桃和豆科灌木
 
來調味食物煮的時候 1618021873"
,"미국 로빈은 자산 50%를 주식에 '주의'  일본 닌자는 14%를 한국은 22%...""더 올라갈 것"" / 김영익의 마켓전략 / 한국경제TV",2021. 4. 9.,http://www.youtube.com/watch?v=HndJAMa84v4,"조회수 12,699회",좋아요 310개,싫어요 17개,"차이나전기차 etf, 차이나바이오etf 꼭지점에서 사라고 부추기더니 다들 30%마이너스 입니다. 하는것 마다 반대로 돌아가니 투자자들을 위해서 방송출연을 하지 마세요.|감사합니다|영익이는 금 오른다했다 망하고 중국증시 오른다했다 망하고 한국 조정 온다고 1년 내내 얘기했다가  폭등하니까 이제와서 오른다고? 
비관론자가 낙관론자가 되면 거기가 꼭지라고 하던데  인간지표 김영익이
반꿀계의 전설이 될날이 머지않았다|일본은 가망없다. 언제 터질지 모르는 시한폭탄같은 일본~!
오죽하면 미경제지에서 엔화가 기축통화 위치가 상실될것이라는 말까지 했을까낭~!|2년간 킹영익님 영상보면서 확신이 듭니다 
금일 방송에서 향후 4 5년간은 한국주식이 미국주식보다 괜찮을거다라고 말씀하셨습니다

결론: 무조건 미국주식 사야합니다 한국주식 안됩니다. 이유는 그동안 킹영익님의 예측확률은 거의 제로에 수렴합니다. 역사를 믿으세요|김반꿀 경청하세요. 반드시 반대로 행동하세요.|감사합니다 🥰🥰🥰|킹영익 등장...
1. 금 3000간다.
2. 올해부터 중국 투자로 국부를 늘리자.
3. 미국은 폭망이다.
4. 한국은 위로 22% 더 오른다.

ㅋㅋㅋ...ㅍㅎㅎㅎㅎ|한국 올라 간다니 불안하다|좋은 의견도 주시네요. 교수님. 파이팅|늙어서 진즉에 정신이 나간 반푼이 노인네 데려다 잘 가지고 논다.|이사람은 그때 그때 달라요|미국 로빈, 일본은 닌자, 한국은? 홍길동?|금값 3000불 간다, 환율 900원대 간다, 중국 투자해라, 지수조정 온다.....    교수님 1년전부터 봐왔는데 영 안맞습니다.   예측은 하지마시고 경제학 강의위주로 바꾸시는게 나을것 같습니다....|무슨 구라를 풀었는지 전혀 궁금하지 않다. 김영익 출연방송은 안본다. 투자하는데 헤깔린다. 오늘은 이랬다. 내일은 저랬다 한다. 작년에는 폭락온다고 현금비중을 70%까지 높이라고 해놓고 김영익은 현대차 사서 이익 많이 봤단다. 하여튼 웃긴놈이다.|미국 경제 상황이 급격히 호전될 것을 예측하면서 미국 주식 바이콜 낸 분도 있는데, 그와는 정반대의 의견이시네요~
교수님의 의견은 앞으로 3~4년 장기의 관점으로 이해하면 될까요?|김영익 멈춰!|지금은 조굼은 더 갈 수 았을지 모르겠으나 분명 한건 5파동 진입 구건으로, 개인의 영역이 아니다,   5파동 구간은 저점(1~4파동 구건에 매입) 한 사람들의 몫이다   .    
첨고로 Jp모건이 코스피 올해의 고점을 3700 까지 예측을 한 리포트를 냈었는데,   이 3700 이 다이랙트로 올라 가기에는 월 심리도가 이미 과열권에 진입 해 있어 부담스럽고,   유동성 장세 에서 실적 장세로 넘어가서 3700까지 간다고 볼 때,   그 사이 한차례 조정이 오지 않겠나 하는 예측을 해본다.  예) 하락 선도주  현대 모비스,  만도,   셀트리온|선구자적 시야에 항상 감사드립니다.|말할때 실실 쪼개는데 기분나쁘게하네|교수님 감사합니다. 저는 교수님 나오는 프로는 다 찾아봅니다."
,"우리기술투자 이정훈 대표, 이 시기에 증여 받아 / 공진단 / 한국경제TV",2021. 4. 9.,http://www.youtube.com/watch?v=HndJAMa84v4,"조회수 9,492회",좋아요 141개,싫어요 6개,지금이 저가네요 양도하는거보니|버벅~~버벅|내로남불  재앙이다|부르는게 값인가요. 숫자의 근거가 더 필요해 보입니다
,"IT순환 나오면 건자재도 더 간다. 무상증자, 이평선 정배열 종목 주의 / 이승조의 진짜전략 / 한국경제TV",2021. 4. 9.,http://www.youtube.com/watch?v=HndJAMa84v4,"조회수 68,301회","좋아요 1,505개",싫어요 45개,"이승조 선생님의 설명은 명확합니다...제일 잘하는거 같아요.|이대표님 최고|대표님 감사합니다|잘 들었습니다|감사합니다|감사합니다|수고하셨습니다👍|무극선생님최고이십니다|유익한내용 감사합니다|감사합니다|감사합니다|무증 업황, 대주주의 도덕성|감사합니다|잘보고잇어요|이대표님 
👍👍👍👍👍|후다닥   무극선생님  보러왔어요|삼전 85에 물려있었는데 다 못팔았네요ㅠㅠ
새롭게 다시 정리 하고 싶었는데...|감사드려요~|감사합니다|감사합ㄴ다.|감사합니다|항상 잘 듣고 있습니다|와 우|와우|무극샘 따라해서  수익봄|믿고보는 무극샘
잘 보고 있어요|감사합니다^^|이승조 대표님 항상 잘 챙겨보고 있어요.
감사합니다.|자막좀넣어줌좋겠어요|무극선생님   감사합니다 항상 잘 보고 있습니다^~^|훌륭한 인사이트 주신 이대표님  감사합니다.|감사합니다♡|나스닥상장모멘텀 언론은미리간다|대표님 감사드림니다|주식은와우넷|잘못진단하시는듯 ㅋ무극이잖아요|이번주 안나오시나요|대표님 감사합니다^^|콕콕  찍어주세요
초보자
실수하기많은대
잘찍어주셔서
감사합니다|건자재뒷북 ㄴㄴ해"
,0409 놓쳐선 안 될 '30초 투자뉴스' 2,2021. 4. 9.,http://www.youtube.com/watch?v=HndJAMa84v4,조회수 814회,좋아요 11개,싫어요 1개,
,0409 놓쳐선 안 될 '30초 투자뉴스' 1,2021. 4. 9.,http://www.youtube.com/watch?v=HndJAMa84v4,조회수 930회,좋아요 16개,싫어요 없음,
,美 증시 재상승…인프라 확장·법인세 인상 속 투자 전략은? / 유동원의 글로벌 포트폴리오 / 한국경제TV,2021. 4. 9.,http://www.youtube.com/watch?v=HndJAMa84v4,"조회수 9,887회",좋아요 341개,싫어요 7개,"갓동원 본부장님~~|갓세원^^
역시 깔끔하고 흔들림없는 진행!!!
최고에요~~|감사합니다 🙏|iwd|유동원 본부장따라다니면서 듣습니다|유본부장님 나오시는 동영상 전부 따라갑니다|감사합니다.3월 마지막주가 3배레버리지 etf 적기였는데 이제는 부담이 되어서 1배짜리나 개별주식으로 조정받을때마다 들어가야겠네요ㆍ|오늘 지수급락 삼전 하닉 주저앉은 원인이 뭘까요|iwf|삼성전자와 하이닉스중 어느것이 더 매력적으로 보이시나요?|산업재 필수소비재는 몇퍼센트 비중주면 될까요?|한국이든 미국이든 민주당 싫다 진짜 싫어졌다.정의.공정.개뿔"
,어제장 놓쳐선 안됐을 미국주식 오늘장 놓칠지도 모를 한국주식… 오늘장 관심주: 아세아시멘트 / 미국주식보고 한국주식사자 / 한국경제TV,2021. 4. 9.,http://www.youtube.com/watch?v=HndJAMa84v4,"조회수 1,567회",좋아요 27개,싫어요 1개,ㅋㅋㅋㅋㅋㅋㅋㅋㅋ|이즈리나 @@★★|유튜브 리딩방까주는남자 라고있는데 작정하고 리딩방 수익전부 공개 합니다.!
,[한상춘의 지금세계는] 격화되는 미중 ‘반도체 굴기’전쟁 요즘 왜 ‘필라델피아 반도체 ETF’가 핫한가? / 한국경제TV,2021. 4. 9.,http://www.youtube.com/watch?v=HndJAMa84v4,"조회수 15,175회",좋아요 242개,싫어요 19개,
,오늘장 놓쳐선 안 될 당신이 잠든사이 일어난 해외 이슈 7 / 출근전 꼭 봐야하는 글로벌 이슈 / 한국경제TV,2021. 4. 9.,http://www.youtube.com/watch?v=HndJAMa84v4,"조회수 55,095회","좋아요 1,564개",싫어요 21개,"좋은 뉴스 감사합니다. 한주 동안 수고하셨습니다.|좋은 내용 브리핑 감사합니다 🙏 😊|아침에 눈뜨자마자 
한국 경제 뉴스로 시작 합니다.  
모든 분들의 수고로 더욱 빠르고 정확한 정보를 
전달 받고 있는거 같아서 항상 감사한 마음으로 시청하고 있습니다. 
오늘 하루도 건강하고 행복한 하루 되시기
바랍니다!~^^|꺄끄~♡♡|박고운캐스터님 똑부러지시네요ㅎㅎ매일좋은 뉴스보고있습니다|항상 잘 보고 있습니다|출근전 잘듣고 갑니다.|감사합니다 :)|😏|감사드립니다|감사합니다|세원님 목아프신 것 같은데 주말에 푹쉬십쇼,,|고맙습니다|매일 아침 잘 보고 있습니다~ 감사합니다
다들 목소리도 좋고 인상도 좋고 기분좋은 아침입니다|얏호~|최애경제뉴스~~^^ 감사합니다~^^|남녀 아나운서들 다들 목소리 좋네요~ 공정하고 정확한 방송 부탁드립니다|감사합니다 건강하세요|2등인가요?|감사  마음으로
잘듣고있습니다.|오늘 우리나라도 불장가자~~~~|비트컴퓨터 급등예상|형들 버벅거리는거 많이 나아졌다|1등|매일 잘 듣고 있어요... 아주 명확한 분석도 좋구요.. 가끔실수는 애교로..|오늘 주식도 미인되면 좋겠네요|주식에서 피할3가지 해야할3가지|Go DIS~한주동안 수고하셨습니다. 즐거운 주말되세요|전세원님 목이 안좋으신가봐요 ㅠ 따뜻한 물 많이마시세요|3:09 동공지진 커여워용|2009년에 비트코인은 매일 50코인씩 무료로 채굴할 수 있었습니다. 사람들은 가치가 없다고 느꼈고 지금은 1코인당 7000만원의 가치가 있습니다.

2011년에 라이트코인은 매일 100코인을 채굴할 수 있었으며 1코인당 현재 25만원 입니다.

파이코인은 2019년에 나왔고 하루에 10개의 코인을 채굴할 수 있습니다. 늦었다고 생각될 때가 가장 빠른법입니다. Cpu를 사용하지 않으며 네트워크만을 사용해 폰장치에 무리가 전혀 없습니다.

한 번 속는 셈 치고 채굴해놓으시면 1년, 3년, 5년뒤에는 가격은 상상을 초월할 것입니다.

플레이스토어에 : pi network 치고 다운로드

추천인을 입력하시면 저와 같이 협동하여 더 빠르게 채굴 할 수 있습니다.
추천인 : uvo7|아나운서분들 다들 잘하시네용|늘 감사합니다 각자 개성을 살리셔서 
새벽부터 생방송을 남기는 크루분들 힘내세여

가끔 댓글에 발음이 어떻니 목소리가 어떻니 하는 방구석 모지리들아
니들이 단 하루라도 새벽4시에 일어나서
5시반에 생목라이브 해봐라 얼마나
어려운지 모르지|박고운 캐스터 빵주 설명할 때 한번 더듬었음.
데리지터, 이종범도 더듬었음.
삼할타자가 한번의 삼진은 인간적."
,퇴근길 꼭 봐야할 주도주 꿀팁 / 내일장 공략주 / 성공투자 오후증시 / 한국경제TV,2021. 4. 8.,http://www.youtube.com/watch?v=HndJAMa84v4,"조회수 8,818회",좋아요 187개,싫어요 2개,"감사합니다|잘보고 갑니다ㅣ|독보적1위였던 홀짝박사님.|이런 영상 매매를 위한 증권사들
방송이라 매매 하면 100%  물림
후루꾸 전문성도 없는 이런 방송보고
계좌 깡통 차기 딱 좋음
하는 얘기 마다 전혀 안 맞고
단기성도 예언도 안 맞고
왜 재무구조 안보고 그때 그때
인기종목들 고점에 있는 종목들만
이넘들 말대로 하면 높은 수수료만
물게됨"
,퇴근길 꼭 봐야할 내일장 공략주 / 다음주 공략주 / 성공투자 오후증시 / 한국경제TV,2021. 4. 8.,http://www.youtube.com/watch?v=HndJAMa84v4,"조회수 5,273회",좋아요 89개,싫어요 1개,"넵튠 !!!!!|◆ 삼성전자(우): 특별배당+작년 4분기 배당: 13조원 배당금 나옴
 -->선 매수 유리!

1. 4/16(금): 삼성전자 보통주+우선주: 13조원 배당금 나옴
엄청난 배당금으로, 국내 유일한 종목: 고수익+고배당 특혜

2. 배당 13조원중 개인 배당금은 약 1.2조원 예상 됨
이중 80% 정도 재투자시, 1조원 이상 재매수 가능!

3. 거의 재투자 전망: 큰 주가 상승 예상: 미리 매수해 두는게 유리!
1조원 이상 매수하면, 주가 상승은 당연지사: 수급 호재 발생!

◆ 삼성전자(우): 보통주 보다 주가 저렴, 우선주가 배당 15% 많아 유리
시스템반도체 성장성 매우 커, 2년내 20만원 전망
--> 지금은 저가 매수 기회"
,[Biz & Life] [비즈앤 라이프] 기업공개 시동 건 마켓컬리! 연내 상장 가능성은?,2021. 4. 8.,http://www.youtube.com/watch?v=HndJAMa84v4,"조회수 3,848회",좋아요 55개,싫어요 5개,"컬리도 관심가지고 볼게요
감사합니다~~|지금부터 모아야 겠네요|장지에서 김포로 넘어온 성추행범 안짜르고 왜   계속 두냐. 직원들은 컬리 안쓰냐 직원도 고객인데 왜 성추행범을 직원으로 쓰는지 ㅜ 이해안됩니다"
,"[Biz & Life] [비즈앤 라이프] 4차 산업혁명을 이끄는 주인공, 드론",2021. 4. 8.,http://www.youtube.com/watch?v=HndJAMa84v4,"조회수 2,594회",좋아요 40개,싫어요 2개,"R&D 문제가 아니고
규제의 문제다
규제를 풀어야 드론산업이 발전한다.|문명과 과학의 발전 지지해요!|이항 가즈아|왜 기체는 dji사의 팬텀인거죠..?"
,재보선은 끝났지만 건설주는 계속 간다! 오늘장 트렌드 '동화기업' 주목!/박근형의 종목인사이드/트레이딩핫타임/한국경제TV,2021. 4. 8.,http://www.youtube.com/watch?v=HndJAMa84v4,"조회수 6,755회",좋아요 142개,싫어요 6개,이 언니는...시작멘트부터어색해...픽업 잘못한듯...
,10분 안에 당신을 사로잡을 종목! SKC vs 롯데정밀화학/김형철의 뜨거운 10분/트레이딩핫타임/한국경제TV,2021. 4. 8.,http://www.youtube.com/watch?v=HndJAMa84v4,"조회수 14,597회",좋아요 336개,싫어요 13개,"감사합니다|매끄럽지 못한 진행
보는 사람이 불안불안~
잘 진행하는 여자 진행자들도
많더만~~|감사합니다
잘들었습니다|롯데정밀화학 잘 예측해주셨네요 감사합니다|6월 223일현재 롯데정밀 마이너스네요...skc는 날고|보는 사람이 불안할 정도로 몰아붙이는 사회자님 ᆢㅠ"
,이상로의 오늘장 빨간 주식! 오늘장 한 장으로 끝내는 '대우건설'/이상로의 빨간주식/트레이딩핫타임/한국경제TV,2021. 4. 8.,http://www.youtube.com/watch?v=HndJAMa84v4,"조회수 6,588회",좋아요 101개,싫어요 없음,"이즈리나 검색|감사합니다|오늘 개미들 엄청나게 매도 했던데 내일 금욜주가 참 궁금하네요|1:45에 연기금이 1달간 대우건설을 2조원 가까이 사고 있다네. 시가총액이 2조8천억짜린데 이게 무슨 소리인가? 200억도 아니고 2조원???? 단순히 생각해도 거짓말인거 알겠다. 시총 2조8천억 짜린데 무슨 2조원가까이 산다고???|최근 건설주들은 재건축 및 규제완화에 대한 기대감이 작용하는 움직임입니다. 건설자재도 함께 움직이니 참고할 필요가 있습니다. 건설주, 철강주는 저PBR관련으로 유명한 기업들입니다. 그만큼 엉덩이가 무겁기도 합니다. 장기적관점에서 접근하는게 좋아보입니다."
,저PER주를 공략하자 / 앵커의 눈 / 히든마켓 스토리 / 최성민의 빅샷 / 한국경제TV,2021. 4. 8.,http://www.youtube.com/watch?v=HndJAMa84v4,"조회수 3,741회",좋아요 117개,싫어요 2개,ㅠ|좋은종목 감사드립니다. 알톤스포츠와 비교해보면 어떨지 궁금합니다^^
,[LIVE] 2021 세계 경제·금융 컨퍼런스,실시간 스트리밍 시작일: 2021. 4. 8.,http://www.youtube.com/watch?v=HndJAMa84v4,"조회수 11,143회",좋아요 169개,싫어요 7개,영어버전은없나요|한국어 통역 없애는 방법 없나요? 한국어랑 영어랑 동시에 둘다 같이나와서 듣기 괴로워여|사전녹화영상이었다면 동시통역이 아니라 자막으로 충분히 편집할 수 있었을텐데 그 부분은 아쉽네요|이걸 보는 놈들은 꼭 복받길바란다
,IMF 경제전망 코로나 이전 수준 회복할 세 국가 미국·호주·한국(최양오)/ 주식경제 이슈분석 / 한국경제TV,2021. 4. 8.,http://www.youtube.com/watch?v=HndJAMa84v4,"조회수 4,461회",좋아요 83개,싫어요 6개,😊😉😀최고문님 나오셨네요😄|반도체가 국가간의 경쟁이 되었다면 나라가 나서서 죽는한이 있어도 막아야지요 ㅁ국이든 ㅈ국이든 결코 ㅎ민족을 위해서 양보할 나라들이 아닙니다
,"환율,금리 그리고 주식 / 외국인의 눈 / 최성민의 빅샷 / 한국경제TV",2021. 4. 8.,http://www.youtube.com/watch?v=HndJAMa84v4,"조회수 5,180회",좋아요 129개,싫어요 4개,잘 보았습니다~.|이쁘다|이즈리나 구경오세요|요즘 시장 참... 지루하다 못해... 아휴...|와 이거 정말좋은 뷰다
,통신사의 '탈통신' 종합미디어사로 변신을 준비하는 SKT vs. KT(김현용)/ 주식경제 이슈분석 / 한국경제TV,2021. 4. 8.,http://www.youtube.com/watch?v=HndJAMa84v4,"조회수 9,792회",좋아요 174개,싫어요 6개,lg유플러스 갑시다|스카이라이프|KT 올해와 앞으로의 배당증가 부분은  언급 안하는군요|Kt 그 쓰레기 폰팔이 기업|통신사들 국내에서만 파이싸움해서 그런지... 미래먹거리 대비하는걸 보니 한심하네요...
,미국 인프라 수혜주 / 기관의 눈 / 최성민의 빅샷 / 한국경제TV,2021. 4. 8.,http://www.youtube.com/watch?v=HndJAMa84v4,"조회수 10,679회",좋아요 241개,싫어요 5개,"감사합니다|씨에스윈드 정보 주셔서 감사해요.|이분 은인이다|허리가 부러지고 디스크가 파괴되어도 편안하게 역도를 할 수 있는 원리와 

 제가 건의해서 중학교 과학교과서에서 실생활에  응용할 수 있도록 중력을 극복하는 스포츠로 역도가 있다고 수정하여 출판한 중학교 과학교과서와

옹기그릇은 조금만 깨지면 사용할 수 없으나
허리뼈는 20프로 또는 30프로가 으스러져 산산조각이 나서 손상되어도 
상처가 아물고 난 후에는 일상적인 생활이 가능한다는 것을 철저히 검증하였고
  실제로 척추관협착증이라는 병은 없다는 내용을 추가하여

사람은 왜 목 허리 무릎이 아플까? 4쇄본
개정 증보판이  발간되었습니다 

허리병은 이름이 무엇이건 운동하면 걱정할 필요가 전혀 없습니다 

2021,3

사람은 왜 목 허리 무릎이 아플까? 저자
법무사 이희숙 드림
010-5250-4802"
,인프라 투자 확산·실적 모멘텀 해상 운임비 인상 수혜 고려제강  / 한국경제TV / 증시라인,2021. 4. 8.,http://www.youtube.com/watch?v=HndJAMa84v4,"조회수 1,904회",좋아요 39개,싫어요 1개,감사합니다
,0408 놓쳐선 안 될 '30초 투자뉴스'2,2021. 4. 8.,http://www.youtube.com/watch?v=HndJAMa84v4,조회수 794회,좋아요 6개,싫어요 없음,
,0408 놓쳐선 안 될 '30초 투자뉴스'1,2021. 4. 8.,http://www.youtube.com/watch?v=HndJAMa84v4,조회수 605회,좋아요 6개,싫어요 없음,"WATCH MORE VIDEO F.U.L.L H.D 💓 CLICK HERE : 18cams.xyz
 
 
 
!💖🖤❤️今後は気をライブ配信の再編ありがとうです！この日のライブ配信は、かならりやばかったですね！１万人を超える人が見ていたもん（笑）やっぱり人参最高！まさかのカメラ切り忘れでやら1かしたのもドキドキでした,. 💖🖤在整個人類歷史上，強者，富人和具有狡猾特質的人捕食部落，氏族，城鎮，城市和鄉村中的弱者，無`'守和貧窮成員。然而，人類的生存意願迫使那些被拒絕，被剝奪或摧毀的基本需求的人們找到了一種生活方式，並繼續將其DNA融入不斷發展的人類社會。. 說到食物，不要以為那些被拒絕的人只吃垃圾。相反，他們學會了在被忽視的肉類和蔬菜中尋找營養。他們學會了清潔，切塊，調味和慢燉慢燉的野菜和肉類，在食品市場上被忽略的部分家用蔬菜和肉類，並且學會了使用芳香的木煙（如山核桃，山核桃和豆科灌木 來調味g食物煮的時候1&!/ 1617906667"
,최창원의 속내는...SK가스 지분율 70%로 ↑·유라시아 해저터널 지분은 매각 / 공진단 / 한국경제TV,2021. 4. 8.,http://www.youtube.com/watch?v=HndJAMa84v4,"조회수 1,932회",좋아요 19개,싫어요 없음,SK디스커버리 무상증자 가능성?
,"미국 증세, 기술·제약 타격? 조정 트리거 될까? / 이진우의 진짜전략 / 한국경제TV",2021. 4. 8.,http://www.youtube.com/watch?v=HndJAMa84v4,"조회수 8,395회",좋아요 184개,싫어요 13개,"달러진단 수긍합니다|소장님 말에 토달지마라
니들보다 훨씬 더 많이 공부하고 경험도 많으며 머리도 니들보다 좋은분이시다
이진우 소장님이 말씀하시면
한마디라도 귀담아서 잘 들어라|크게 보면, 현재 미국은 총성 없는 중구과의 전쟁에서 이기기 위해 경기를 부양할 수 밖에 없다. 이것을 이해 못하는 사람들이 연준의 의도를 모르고 회의하고 있다.|제발 맞아요 는  버릇이군요 하지마라 정말정말 듣기 싫어"
,어제장 놓쳐선 안됐을 미국주식 오늘장 놓칠지도 모를 한국주식… 오늘장 관심주: KH바텍 / 미국주식보고 한국주식사자 / 한국경제TV,2021. 4. 8.,http://www.youtube.com/watch?v=HndJAMa84v4,"조회수 2,380회",좋아요 32개,싫어요 2개,"못볼때가 있는데 동영상 빨리올려주시면 감사^^|이즈리나 검색구독|김권진 팀장. 재미와 유용한 정보. 최고^^|정성으로 올려주신 고급정보 감사합니다
여기도 유익하지만 제가 정보공유받는 방에서도 
4월8일 덕양산업 추천후 2번급등정지후 26.51%터치 
지니틱스 추천후 급등정지후 21.94%터치 
필옵틱스 추천후 고점 9.34%터치
로보로보 추천후 고점 5.52%터치 
등등 다수종목 급등이죠 
open.kakao.com/o/gBKqJkq
요즘 승률이 대박인곳입니다
속보나 뉴스가 나왔을때 한눈에 정리보기좋게 정리된정보를  
입장만하시면 유료1도없이 평생무료정보를 받아보실수있습니다
항상 성투하세요 오늘하루도 수고많으셨습니다"
,"저금리 시대, 배당투자 유망주는? / THE PULSE  / 한국경제TV",2021. 4. 8.,http://www.youtube.com/watch?v=HndJAMa84v4,"조회수 2,519회",좋아요 73개,싫어요 4개,"진짜 연예인하셔도 될듯....👸|좋은 정보 영상 감사드립니다|썬크림에 안경만 걸쳤는데 이쁘시네요|ㅋㅋㅋㅋ나처럼 이뻐서 보시는분들 계시넼ㅋㅋ|미인이신데 그것보다는
엄청 피곤해 보이시는데 ㄷㄷ 😱 잘보고갑니다|고마워요!|AT&T 배당 엄청 높네요~ 감사합니다 수현님.|예쁘고 키크고 경제를 이해하고 말잘하고 와우|저번에 세상에 이런 미인이 있냐며 감탄했었는데 미스코리아출신이더군요. 예전 사진보니 엄청 귀여움.|수현이사 넘 이쁘다.

내용은 하나도 안듣고
몸매만 보고간다~~"
,"[한상춘의 지금세계는]  4.7 재보선 결과로 본 경제적 측면 재해석…부동산 대책 놔두면, 여당과 文정부 무너진다 / 한국경제TV",2021. 4. 8.,http://www.youtube.com/watch?v=HndJAMa84v4,"조회수 16,460회",좋아요 407개,싫어요 45개,
,오늘장 놓쳐선 안 될 당신이 잠든사이 일어난 해외 이슈 7 / 출근전 꼭 봐야하는 글로벌 이슈 / 한국경제TV,2021. 4. 8.,http://www.youtube.com/watch?v=HndJAMa84v4,"조회수 62,408회","좋아요 1,587개",싫어요 30개,"프랑스 꺄끄!|꺄끄|와 대박 콘텐츠 너무 좋다 감사합니다|감사합니다~~|소중한 정보 감사합니다~|영상 좋네요~^^♡ 구독 합니다|깔끔한 썸네일로! 굳|감사히 잘 들었습니다 ^^|감사히 잘봤습니다 ^^|감사합니다|쿠팡 30프로 더 오른다?!!|감사드립니다|항상 감사합니다|매일 아침  잘  보고 있습니다    좋은  하루  되세요~~~|박고운 리포터의 리폿과 생기넘치는 뿅짝 신디사이저 브금 잘 들었습니다.|오늘 세원님 귀걸이 넘 예뻐요~|박고운 캐스터 전달력이 정말 좋은듯ㅋㅋ귀에 꽃히네요~완전 에이스ㅋㅋ|매일 아침 보고 있습니다. 최고에요|👍|좋은 뉴스 감사합니다.|고맙습니다|고맙습니다|썸네일바뀌어서 깜짝놀랐네요ㅋ|꺄끄|매일매일 잘듣고 있어요|썸네일 바뀌었네요. 산뜻해요^^|AZ 정말 말도많고 탈도많네요. 감사합니다|말하시는게 귀에쏙쏙들어와서  매일보게되네요|1월부터 삼개월간 증시가 안좋네|성투합시다|최고 유익한 ㅡ정보뉴스|이즈리나|주식을 기술적으로 분석하는 파동|감사합니다 🙏 💕|오늘도 세원이 눈나는 이쁘다|좋은 방송 감사합니다. 메인엠씨님 점점 더 이뻐지시네요~^^|정성으로 올려주신 고급정보 감사합니다
여기도 유익하지만 제가 정보공유받는 방에서도 
4월8일 덕양산업 추천후 2번급등정지후 26.51%터치 
지니틱스 추천후 급등정지후 21.94%터치 
필옵틱스 추천후 고점 9.34%터치
로보로보 추천후 고점 5.52%터치 
등등 다수종목 급등이죠 
open.kakao.com/o/gBKqJkq
요즘 승률이 대박인곳입니다
속보나 뉴스가 나왔을때 한눈에 정리보기좋게 정리된정보를  
입장만하시면 유료1도없이 평생무료정보를 받아보실수있습니다
항상 성투하세요 오늘하루도 수고많으셨습니다|근데 테이퍼링이 뭐에요??|일진다이아  상한가 가즈앗|전세원 아나운서의 깔끔한 진행 설명보러 아침마다 시청합니다^^
완전 잘해요♡♡"
,퇴근길 꼭 봐야할 주도주 꿀팁 / 내일장 공략주 / 성공투자 오후증시 / 한국경제TV,2021. 4. 7.,http://www.youtube.com/watch?v=HndJAMa84v4,"조회수 8,571회",좋아요 152개,싫어요 5개,"감사합니다|진짜 많은도움을받고있어요
홀짝박사님|감사합니다 선생님|파라다이스. 박사님 믿고 투자하겠습니다. 감사합니다 ^^|박사님의..  분석과 제보 언제나 감사드립니다.|롯데관광개발은 왜 말안하나|중국과의 백신여권 공조는 위험할 수 있다~~~|백화점 카지노 등 내가 가지고 있는 종목만 방송을 하는 듯. 그러나 주가는 so so|백신도 못들여오고 잇는데 무슨 카지노주 ...|재작년지수2000깨지면
방송때려친다면서요
남자시키가두말하기는"
,퇴근길 꼭 봐야할 내일장 공략주 / 다음주 공략주 / 성공투자 오후증시 / 한국경제TV,2021. 4. 7.,http://www.youtube.com/watch?v=HndJAMa84v4,"조회수 15,306회",좋아요 263개,싫어요 5개,"감사합니다|감사합니다|상아프론테크 드가겠습니다~|와 올랐네 ㅋㅋㅋ 사랑해요 한국경제 300넣었다가 치킨 한마리 얻어먹네|프로그램명 아주 좋네요 3시구조대|정성으로 올려주신 고급정보 감사합니다
여기도 유익하지만 제가 정보공유받는 방에서도 
4월8일 덕양산업 추천후 2번급등정지후 26.51%터치 
지니틱스 추천후 급등정지후 21.94%터치 
필옵틱스 추천후 고점 9.34%터치
로보로보 추천후 고점 5.52%터치 
등등 다수종목 급등이죠 
open.kakao.com/o/gBKqJkq
요즘 승률이 대박인곳입니다
속보나 뉴스가 나왔을때 한눈에 정리보기좋게 정리된정보를  
입장만하시면 유료1도없이 평생무료정보를 받아보실수있습니다.
항상 성투하세요 오늘하루도 수고많으셨습니다."
,삼성전자 실적발표 반도체 빅사이클 2분기부터 기대해도 좋다(노근창) 주식경제 이슈분석 / 한국경제TV,2021. 4. 7.,http://www.youtube.com/watch?v=HndJAMa84v4,"조회수 46,508회",좋아요 984개,싫어요 22개,"10조가 나왔으면 좋았을텐데...|노센터장님 늘감사합니다|아쉽네요!! 상승이 클 수 있었는데..|센터장님...좋은말씀감사합니다^^|삼성이 없는 대한민국은 어떻게 될까?|노센터장님 궁금하던 것들 시원하게 설명해 주셔서 감사합니다.|노센터장님 오늘만 3번 뵙네요.|노근창센터장 최곱니다!!|노센타장님  👍|센터장님 예상가 보다 조금 못 미처   섭하신것 같네요.~^^^|삼성보통주 계속떨어지고있네|유튜브 리딩방까주는남자 라고있는데 작정하고 리딩방 수익전부 공개 합니다.!|유튜브 리딩방까주는남자 라고있는데 작정하고 리딩방 수익전부 공개하고있음ㅋㅋ|유튜브 리딩방까주는남자 라고있는데 작정하고 리딩방 수익전부 공개하고있음 ㅋㅋ|사기치고 있네.|구라쟁이 아저씨  하루만에 말바꿈|정성으로 올려주신 고급정보 감사합니다
여기도 유익하지만 제가 정보공유받는 방에서도 
4월8일 덕양산업 추천후 2번급등정지후 26.51%터치 
지니틱스 추천후 급등정지후 21.94%터치 
필옵틱스 추천후 고점 9.34%터치
로보로보 추천후 고점 5.52%터치 
등등 다수종목 급등이죠 
open.kakao.com/o/gBKqJkq
요즘 승률이 대박인곳입니다
속보나 뉴스가 나왔을때 한눈에 정리보기좋게 정리된정보를  
입장만하시면 유료1도없이 평생무료정보를 받아보실수있습니다
항상 성투하세요 오늘하루도 수고많으셨습니다"
,무뎌진 금리 공포 아직 과열은 아니다 미국 국채 금리 당분간 쉬어갈 것(강승원)/ 주식경제 이슈분석 / 한국경제TV,2021. 4. 7.,http://www.youtube.com/watch?v=HndJAMa84v4,"조회수 2,843회",좋아요 49개,싫어요 1개,"정성으로 올려주신 고급정보 감사합니다
여기도 유익하지만 제가 정보공유받는 방에서도 
4월8일 덕양산업 추천후 2번급등정지후 26.51%터치 
지니틱스 추천후 급등정지후 21.94%터치 
필옵틱스 추천후 고점 9.34%터치
로보로보 추천후 고점 5.52%터치 
등등 다수종목 급등이죠 
open.kakao.com/o/gBKqJkq
요즘 승률이 대박인곳입니다
속보나 뉴스가 나왔을때 한눈에 정리보기좋게 정리된정보를  
입장만하시면 유료1도없이 평생무료정보를 받아보실수있습니다
항상 성투하세요 오늘하루도 수고많으셨습니다."
,디즈니플러스상륙 작전! 거대 콘텐츠 기업 스튜디오드래곤/최창윤의 종목인사이드/트레이딩핫타임/한국경제TV,2021. 4. 7.,http://www.youtube.com/watch?v=HndJAMa84v4,"조회수 6,070회",좋아요 99개,싫어요 2개,나락이여~|감사합니다
,이상로의 빨간주식 오늘장 한 끝 NH투자증권/이상로의 빨간주식/트레이딩핫타임/한국경제TV,2021. 4. 7.,http://www.youtube.com/watch?v=HndJAMa84v4,"조회수 2,429회",좋아요 42개,싫어요 2개,"정성으로 올려주신 고급정보 감사합니다
여기도 유익하지만 제가 정보공유받는 방에서도 
4월8일 덕양산업 추천후 2번급등정지후 26.51%터치 
지니틱스 추천후 급등정지후 21.94%터치 
필옵틱스 추천후 고점 9.34%터치
로보로보 추천후 고점 5.52%터치 
등등 다수종목 급등이죠 
open.kakao.com/o/gBKqJkq
요즘 승률이 대박인곳입니다
속보나 뉴스가 나왔을때 한눈에 정리보기좋게 정리된정보를  
입장만하시면 유료1도없이 평생무료정보를 받아보실수있습니다
항상 성투하세요 오늘하루도 수고많으셨습니다|주식시장이 상승할때는 증권주! 항상 움직이는 섹터입니다.(반대로 시장이 하락할때 하락하는 것이 증권주입니다.) 수수료무료 증권사들의 등장으로 예전보다 수수료수입은 줄었지만, 작년대비 기저효과가 가능하고 공모주에 대한 뜨거운 관심으로 IB부문에 대한 수익이 개선되는 양상입니다. NH투자증권 뿐만 아니라, 현재는 증권사 전 업종의 움직임을 함께 봐야 하는 시기입니다."
,한미반도체 VS 인텍플러스/박창윤의 뜨거운 10분/트레이딩핫타임/한국경제TV,2021. 4. 7.,http://www.youtube.com/watch?v=HndJAMa84v4,"조회수 16,273회",좋아요 392개,싫어요 21개,"진행자  뭐하는거야
사람  불러놓고  진상이네..|진행자님 한미, 인텍에 대해 정확히 아는게 없는듯 한데 음.....프로그램 정확히 무엇을 의도해서 기획한 것인지를 모르겄다.|진행자..진짜 황당하네. 이 프로 왜 하는지|아니.. 방송 하는 이유가 뭐죠..  진행자분 본인 선택여부가 뭔 의미가있음?   종목들 들고와서
설명듣고 관심가지려는 투자자들까지..  갑분싸~ ㄱ황당하게 만드네요.|이걸 진행 아이디어라고 만들었나ᆢ세상에나
경제뉴스도 아무나 하는구나
텐미닛전에 퇴장바람|진행자가 내용도 없는 말이 너무 많네~인물도 목소리도 내용도 꽝인데~|이렇게 좋은 종목을 ....
한미반도체 몇일만에 빵팡한 수익 안겨줬는데...선택을 안하는 이유를 말씀해주시지...ㅜㅜ|이건  아닌듯|꾸준히 좋다해서 세달전 인텍플러스 찌끔 매수했는데
18%상승했어요

추매하고픈데
계속 오르네요|진행자 뭐하냐 ㅋㅋㅋㅋㅋㅋㅋ|어보브반도체 추천하더니 하락 오늘은 한미반도체?|모지리 아줌마 어째 이런사람 진행자로 데려다놨는지
진행좀 제대로하는 사람 많은데 
정말 짜증난다 앵커좀 교체해라
너무 지식이 짧다"
,자산가들의 4월 전략/기관의 눈/최성민의 빅샷/한국경제TV,2021. 4. 7.,http://www.youtube.com/watch?v=HndJAMa84v4,"조회수 5,060회",좋아요 138개,싫어요 1개,"명석하고 뛰어난 분석가,최성민짱!"
,주목받는 조선주/기관의 눈/최성민의 빅샷/한국경제TV,2021. 4. 7.,http://www.youtube.com/watch?v=HndJAMa84v4,"조회수 15,589회",좋아요 310개,싫어요 13개,"최성민이 다뤘으니 이제 팔으라는 얘긴가|카타르 진짜하는거 맞긴맞는건가ㅋ|감사합니다|최광식 조선주 에널  맞나요? ㅍㅎㅎ
이사람 분석 전망 반대로 투자해 대박나고 있는 조선주 보유자 입니다.|예리한 질문,감사합니다!
최성민짱!|선가와 수익율이 관건이네요!|조선주사서 암투병중인 사람입니다 그나마 살만했는데 다시 재발했네요 ㅡㅡ|예리한 질문을 통해서, 날카롭게 진행하는 점 너무 재미있었네요 ㅎㅎ 개인적으로는 조선주 저평가 되있는 모습이라고 생각했지만, 각기 다른 의견으로 참고가 많이되네요 ㅎㅎ 불사조님도 조선주에 대해서 가끔씩 언급해 주셔서,  요즘 더 유심히 보고있었는데 많은 도움이 되었습니다. 감사합니다 ㅎㅎ|조선산업이 지속적으로 성장할 가능성은 없다 이유는 한국 조선 산업이 순이익이 떨어지고 있기 때문이다 중국과 일본의 경쟁이 격화되면 이런 추세는 계속될것이다
물론 경쟁력있는 LNG 분야는 지속적으로 성장가능하다 나머지 분야는 구조조정 대상이 될것이다 지금 코로나가 끝나고 나서 경기회복세의 수혜를보고 있다  반세계화 추세는 더욱더 조선업의 위기를 가속화 시킬것이다 조선업의 위기는 제철산업의 위기 로 이어지고 경상도 경제를 어렵게할것이다 그리고 해운업도 비전없다 반세계화의 피해업종 올해는 운좋은 한해다"
,반도체 수혜주/앵커의 눈/최성민의 빅샷/한국경제TV,2021. 4. 7.,http://www.youtube.com/watch?v=HndJAMa84v4,"조회수 6,931회",좋아요 198개,싫어요 4개,"감사합니다|감사합니다|감사합니다|감사합니다 
기대합니다|정말 좋은 종목 추천을 해주셔서 잘보고 수익보고 있슴니다 
아이원스 ~~훨훨 강럭홀딩중임다|최고의 전문가예요
장끝나면  방송보고 종목 공부해서 수익 쏠쏠하게 보고 있어요
감사합니다"
,가격과 수요물량 동시 확보 음식료주 유망주 하이트진로  / 한국경제TV / 증시라인,2021. 4. 7.,http://www.youtube.com/watch?v=HndJAMa84v4,"조회수 3,735회",좋아요 79개,싫어요 2개,어제 샀는데 오늘 바로 물렸네 ㅋㅋㅋㅋㅋㅋㅋ 하이트 진로 가즈아
,코로나를 죽여서 매출 급상승...서울바이오시스 / 공진단 / 한국경제TV,2021. 4. 7.,http://www.youtube.com/watch?v=HndJAMa84v4,"조회수 2,295회",좋아요 32개,싫어요 1개,"감사합니다|서울바이오시스 매출 계속 퀀텀 될듯 추천입니다|너무. 안오으니가
답답해 서 셀트리온 헬스케어로 옴길가. 생각중"
,"아쉬운 韓수급, 빠른 순환매 지속? 빅히트 행보가 수상하다! / 김우식의 진짜전략 / 한국경제TV",2021. 4. 7.,http://www.youtube.com/watch?v=HndJAMa84v4,"조회수 20,406회",좋아요 384개,싫어요 8개,"빅히트 주주입니다
빅히트 하이브 승승장구하자 👍|연기금 ㅋㅋㅋ|BTS가 1위 입니다.|다양한 분석감사해요
주식초보에게 도움이  많이됩니다  화이팅하세요|노르웨이 장관도 언급햇음  노르웨이에서 이렇게 큰상을 세개나 줫는데 한국뉴스는 왜 보도하지 않느냐고
유럽 큰상도 방탄이 다휩쓸고 있음|여자 아나운서 말의 속도가
듣는 사람들 상태로 하여금 
피곤을 느끼게 하네 너무 빠르게
말을 하네
한국경제티비 방송 보면 
여성 아나운서들이 말을 엄청나게
빠르게 해서 약장사 쇼핑 호스트도
아니고 영상 들으면
짜증남"
,0407 놓쳐선 안 될 '30초 투자뉴스'2,2021. 4. 7.,http://www.youtube.com/watch?v=HndJAMa84v4,"조회수 1,006회",좋아요 14개,싫어요 없음,
,0407 놓쳐선 안 될 '30초 투자뉴스'1,2021. 4. 7.,http://www.youtube.com/watch?v=HndJAMa84v4,조회수 671회,좋아요 14개,싫어요 없음,
,팔라듐·구리 향후 전망 / THE PULSE  / 한국경제TV,2021. 4. 7.,http://www.youtube.com/watch?v=HndJAMa84v4,"조회수 2,191회",좋아요 41개,싫어요 1개,구리는 너무올라서 들어가야하는지 고민되네요. 감사합니다. 언제나 패셔너블한 수현님~|미모에 반했다|이사?|스티브잡스 룩
,어제장 놓쳐선 안됐을 미국주식 오늘장 놓칠지도 모를 한국주식… 오늘장 관심주: 지어소프트 / 미국주식보고 한국주식사자 / 한국경제TV,2021. 4. 7.,http://www.youtube.com/watch?v=HndJAMa84v4,"조회수 3,805회",좋아요 111개,싫어요 1개,고마워요!|이방송는  날마다  생방  봐요  두  분  재미나게방송해요|나는 아침마다 뭔가 어눌한 이사람 목소리 듣는게 너무 좋음 귀에 쏙쏙 박혀서 ㅋㅋ
,"[한상춘의 지금세계는] 韓 백신 접종률, OECD 37개국 중 35위… K-방역 위상과 성장률, 동반 추락하나? / 한국경제TV",2021. 4. 7.,http://www.youtube.com/watch?v=HndJAMa84v4,"조회수 3,644회",좋아요 110개,싫어요 26개,
,오늘장 놓쳐선 안 될 당신이 잠든사이 일어난 해외 이슈 7 / 출근전 꼭 봐야하는 글로벌 이슈 / 한국경제TV,2021. 4. 7.,http://www.youtube.com/watch?v=HndJAMa84v4,"조회수 59,223회","좋아요 1,471개",싫어요 22개,"꺄끄 ♡꺄끄♡|꺆끅~|5:47 꺄끄|꺄끄~~~~~|루비니 형님은 일관성 하나는 진짜 오지시네 ㅋ|장마감 정리 해주는 젤 좋은 방송임|마감시황 전해 드렸습니다아~|🥰|🙌🏻|감사합니다|꺄끄|삼전 잠정 실적 10조 달성 시 국내 증시 상승세?|박고운 캐스터님 오늘 볼터치 넘 귀여우세요!|아침ㅡ최고의 뉴스|CharegePoint관심이가네요. 감사합니다 ~|여기 나오시는 분들은 왤케 다 귀여우시냐 ㅋㅋㅋ|🧒|꺄끄 1시간 듣고싶다|미국이 언제 거품 아닌 적이 있었나...|좋은 뉴스 감사합니다.|고맙습니다|꺄끄가 모예요? 왜 자꾸 꺄끄, ?|바라보다|세원이 눈나...|주식에서 피할3가지 해야할3가지|Good.|전세원씨 분홍색 이쁘십니다 고은씨도 이쁘십니다"
,퇴근길 꼭 봐야할 내일장 공략주 / 다음주 공략주 / 성공투자 오후증시 / 한국경제TV,2021. 4. 6.,http://www.youtube.com/watch?v=HndJAMa84v4,"조회수 11,080회",좋아요 237개,싫어요 7개,한동훈 대표님 고압습니다^~^|소리 작습니다|1/11에 고점물려서 -20프로이상 이었다가 대만선박 수주땜에 -10프로까지 올라왔다..|추천했으니 급락하긋네|감사합니다|정주영 한국을 조선 강국으로 만들다
,[베트남 투자가이드]베트남 증시 연일 최고치 '부동산·증시 쌍끌이 활황세'/ 베트남투자가이드 / 한국경제TV,2021. 4. 6.,http://www.youtube.com/watch?v=HndJAMa84v4,"조회수 3,691회",좋아요 31개,싫어요 1개,"잘 봤습니다.|무슨 주식리딩방 홍보하듯이 영상 만들었내ㅋㅋㅋㅋ|아시아에선 베트남,중국증시가 주도 할것같아요.|지금 베트남 들어가는 사람은 피본다. 중국도 맞잖가지고...
외신들좀 봐라~! 
지금 세계정세가 어떻게 돌아가는지를....
답답한~!"
,퇴근길 꼭 봐야할 주도주 꿀팁 / 내일장 공략주 / 성공투자 오후증시 / 한국경제TV,2021. 4. 6.,http://www.youtube.com/watch?v=HndJAMa84v4,"조회수 6,260회",좋아요 135개,싫어요 없음,"감사합니다|감사합니다|현대백화점, 신세계, 롯데쇼핑을 지금 들어가라고?  다른 좋은 주식도 반도체, 철강, 조선 등에 많은데.... 무책임하네...."
,"""코로나 풀리면 보자"" 포스트 코로나 보복음주 수혜주 롯데칠성/이기택의 종목인사이드/트레이딩핫타임/한국경제TV",2021. 4. 6.,http://www.youtube.com/watch?v=HndJAMa84v4,"조회수 1,775회",좋아요 22개,싫어요 4개,좋아요 구독|카스랑 오비는 롯데칠성이 아니지않나요
,하나마이크론 VS KG모빌리언스/윤여민의 뜨거운 10분/트레이딩핫타임/한국경제TV,2021. 4. 6.,http://www.youtube.com/watch?v=HndJAMa84v4,"조회수 3,009회",좋아요 59개,싫어요 6개,좋은정보 감사합니다
,이상로의 빨간주식 오늘장 한 끝 카카오!/이상로의 빨간주식/트레이딩핫타임/한국경제TV,2021. 4. 6.,http://www.youtube.com/watch?v=HndJAMa84v4,"조회수 12,446회",좋아요 190개,싫어요 4개,"얼마까지 갈까요 카카오?|이즈리나|최고의 수익률 파트너~이상로 최고|사실 고가권역에서의 액면분할은 좋은 의미를 가진 적이 거의 없다고 볼 수 있습니다. 과거 삼성전자, 아모레퍼시픽 또한 액면분할 이후 하락세를 나타내기도 했으니까요. 다만, 카카오라는 플랫폼(교통, 금융, 생활편의 다양한 서비스형태로의 확장성)의 재평가와 후반기 IPO기대감(카카오뱅크, 카카오페이, 카카오페이지)이 반영되는 것으로 추정하며 신고가 부근이기 때문에 거래량 폭증은 일부 재료노출 가능성이 있습니다. 트레이딩 관점에서 접근이 필요합니다."
,건설중장비 1위/외국인의 눈/최성민의 빅샷/한국경제TV,2021. 4. 6.,http://www.youtube.com/watch?v=HndJAMa84v4,"조회수 9,309회",좋아요 226개,싫어요 7개,"감사합니다|둘캐미가너무 웃겨요|항상 감사합니다|항상 좋은 분석과 종목소개 감사합니다~|안녕|➡️ 18cams.xyz  ⤵️
 
 
 
B.e.S.T f'u""l'l D.a.T.i.n.G h.o.T G.i.r.L's
 
—L—o—V—e—S—e-X———❤️😘
 
..👍
 
!💖🖤❤️今後は気をライブ配信の再編ありがとうです！この日のライブ配信は、かならりやばかったですね！１万人を超える人が見ていたもん（笑）やっぱり人参最高！まさかのカメラ切り忘れでやら1かしたのもドキドキでした,.
 
 💖🖤在整個人類歷史上，強者，富人和具有狡猾特質的人捕食部落，氏族，城鎮，城市和鄉村中的弱者，無`'守和貧窮成員。然而，人類的生存意願迫使那些被拒絕，被剝奪或摧毀的基本需求的人們找到了一種生活方式，並繼續將其DNA融入不斷發展的人類社會。.
 
 說到食物，不要以為那些被拒絕的人只吃垃圾。相反，他們學會了在被忽視的肉類和蔬菜中尋找營養。他們學會了清潔，切塊，調味和慢燉慢燉的野菜和肉類，在食品市場上被忽略的部分家用蔬菜和肉類，並且學會了使用芳香的木煙（如山核桃，山核桃和豆科灌木 來調味g食物煮的時候 1617777656"
,철강주 탑픽/앵커의 눈/최성민의 빅샷/한국경제TV,2021. 4. 6.,http://www.youtube.com/watch?v=HndJAMa84v4,"조회수 10,147회",좋아요 277개,싫어요 10개,"이 분이 찍는 건 항상 최고점이며, 찍고 난 뒤엔 주루륵 내려감. 이건 개인의 의견이 아니라 팩트임.|최성민 앵커님! 방송에서 그날 추천하는 종목 찾아보면, 당일 혹은 몇일내 전후로 급등했거나 하는 종목들이 대부분인데, 이런식으로 사후 추천은 저라도 할 수 있을 거 같네요. 물론, 매일 매일 종목을 소개하는게 쉽진 않겠지만, 차라리 이런 식이라면 하진 말았으면 좋겠습니다.|이분 종목 추천 아주 잘가고 있음 감사합니당~~|동국제강, 세아베스틸 미쳣네요 ㅎㄷㄷ, 철강주 관심많고,, 불사조 유튜브에서 동국제강이랑, 현대제철 얘기주셔서,,, 현대제철 택했는데..^ ^, 동국제강보다 늦네요. 탑탑한 마음에 최성민의 빅샷 보러 왔는데 철강주 공부 잘 하고 갑니다.^^|안믿어 뉴loss|ㅠ이분추천주 완전손실 믿고산 내탓  믿고거름|욕먹더니 가치주로 나오네|난 그냥 최성민이 멋져서 봅니다..|여기 댓글 다는 사람들 다 부정적이네.. 결국 대한제강 24000원 까지 갔는데... 무려 30퍼 수익률이에요. 제발 시간과의 싸움을 가지세요|추천해준다고 무조건 사는건ㅠ 신도 아니고 그래도 도움되는거 같은데요. 예로 철강주 추천해주면서 배경 설명해주잖아요 추던종목 맘에 안들면 섹터내 다른주식 찾아보면 되요"
,미국 인프라 수혜주/기관의 눈/최성민의 빅샷/한국경제TV,2021. 4. 6.,http://www.youtube.com/watch?v=HndJAMa84v4,"조회수 3,275회",좋아요 73개,싫어요 없음,"정성으로 올려주신 고급정보 감사합니다
여기도 유익하지만 제가 정보공유받는 방에서도 
4월6일 알티캐스트 추천후 상한가터치
제이시현시스템 추천후 급등정지 22%터치 
대성창투 추천후 급등정지 17%터치
삼기 추천후 10%터치 등등 다수종목 급등  
open.kakao.com/o/gBKqJkq
요즘 승률이 대박인곳입니다
속보나 뉴스가 나왔을때 한눈에 정리보기좋게 정리된정보를  
입장만하시면 유료1도없이 평생무료정보를 받아보실수있습니다
항상 성투하세요 오늘하루도 수고많으셨습니다"
,2분기 투자 전략 하반기로 갈수록 이익 레벨 높아질 기존 주도주(이경민)/ 주식경제 이슈분석 / 한국경제TV,2021. 4. 6.,http://www.youtube.com/watch?v=HndJAMa84v4,"조회수 120,958회","좋아요 2,007개",싫어요 61개,"제도권 인사중에선 이경민 팀장이 제일 잘보는듯...역시 대신이야.|제틀이경민팀장님이시네요~ 귀기울여 경청합니다.,^^|이경민 연구원님 설명 잘 들었습니다. 감사합니다.|팀장님 감사합니다|이경민 팀장님!  
잘 들었습니다^^|이즈리나 주식!!!@@|뭔말씀. 반도체 빅사이클. 2018년보다 더 좋나마나?  이런걸 고민한다고?  이미 주가는 그때보다 50~60%나 상승한상태임|이경민 팀장님, 반갑습니다~~!!!|주식 참 어렵다...|이팀장님 최고..|너무 멋지시네요 경민형~^^|이경민 팅장님.
감사드림니다.|이경민 팀장님 잘 생겨요|이 경민 님  증권분석 감사합니딘 넘 미남 이시네요|3600 😀|줄타기 하다 양쪽으로 당하지..  사드와 관세로 바보된거 모르나요?
또 고래등 싸움에 새우등 터지겠네.|유튜브에서 배인재 검색하면 재미있는 주식전망과 영어 배우기 동영상 있어요|2800  언제가요? 2800  찍을거라면서요.|5월부터 시작될 공매도에 대한

 걱정을 하시는 주식투자자분들에게

 조금이나마 도움이 되었으면...

하는 바램입니다.


☆ 내 주식을 공매도에 이용되지 않게 하는 방법

*삼성증권
​
메뉴-뱅킹대출-대여-대여거래신청/해지
​
위에처럼 대여거래등록여부 미등록되어 있으면 OK
​
신청 되어 있을시 해제
​
​
*KB증권
​
뱅킹/대출-대여-주식/해지
​
​
*대신증권
​
온라인지점-대차중개서비스-주식대여 서비스 신청/해지
​
​
*한화증권
​
MRS : 왼쪽 하단에 '주식'-계좌잔고-주식대차거래-대차거래 신청/해지-비번 넣고 약정여부 조회/변경
​
​
*한국투자증권
​
HTS에서 메뉴상단에 인터넷뱅킹-신용/대출/대여약정신청/해지/변경에서 가능
​
​
*나무증권
​
메뉴-계좌/이체/청약/대출-대출/신용-대여풀서비스신청에서 해지
​
*키움증권
​
영웅문 화면 상단에 '주식대여'-[1658] 대여계좌 신청/해지-대여계좌 해지
​
*NH투자증권
​
HOME버튼-왼쪽하던 전체메뉴 클릭-우측상단 계좌/이체청약/대출클릭-좌측 대출/신용 클릭-대여풀서비스 신청/내역-미신청이면 완료
​
*미래에셋증권
​
뱅킹/자산-주식대여-대여 신청/해지-등록되어 있으면 해지
​
*하나대투
​
1.HTS : 왼쪽 상단에 0535입력-비번 넣고 조회 누르면 계좌 나오고 약정 여버 조회/변경가능
​
2.MTS : 왼쪽 하단에 '주식' 누르고 -메뉴 검색에서 '대차'라고 입력하면 검색-비번넣고 약정 여부 조회/변경
​
​
​
전화로 대차해지 요청시
​
​
​
동부증권 : 1588-4200
​
미래에셋 : 1588-9200
​
교보증권 : 1544-0900
​
신한증권 : 1588-0365
​
대신증권 : 1588-4488
​
신흥증권 : 080-7733-080
​
우리투자증권 : 1544-0000
​
유화증권 : 02-566-5522
​
이트레이드증권 : 1588-2428
​
키움증권 : 1544-9000
​
하나대투증권 : 1588-3111
​
한국투자증권 : 1544-5000
​
한양증권 : 1588-2145
​
대우증권 : 1588-3322
​
유안타증권 : 1588-2600
​
리딩투자증권 : 02-2009-7004
​
부국증권 : 1588-7744
​
골든브릿지투자증권 : 1566-0900
​
삼성증권 : 1588-2323
​
신영증권 : 1588-8588
​
CJ투자증권 : 1588-7171
​
HMC투자증권 : 1588-6655
​
KGI증권 : 02-3770-9200
​
KB투자증권 : 1599-7000
​
한화증권 : 1544-8282
​
현대차증권 : 1588-6611|유튜브  리딩방까주는남자 라고있는데 작정하고 리딩방 수익 전부 공개 영상!.ㅋㅋㅋㅋ|유튜브  리딩방까주는남자 라고있는데 작정하고 리딩방 수익 전부 공개 영상!ㅋㅋㅋ|유튜브  리딩방까주는남자 라고있는데 작정하고 리딩방 수익 전부 공개 영상!!ㅋㅋㅋ|유튜브 리딩방까주는남자 라고있는데 작정하고 리딩방을 수익 전부 공개 영상.ㅋㅋㅋㅋㅋ|유튜브 리딩방까주는남자 라고있는데 작정하고 리딩방 수익 전부 공개 영상.ㅋㅋㅋ|유튜브  리딩방까주는남자 라고있는데 작정하고 리딩방 수익 전부 공개 영상!!ㅋㅋㅋ"
,메타버스 비전과 유망주 전략 빅히트·덕산네오룩스 / 한국경제TV / 증시라인,2021. 4. 6.,http://www.youtube.com/watch?v=HndJAMa84v4,"조회수 5,591회",좋아요 115개,싫어요 2개,빅히트 주주입니다 😄|사지마라 물린다|기한 14일까지 국민연금 팔면 개미들이 사줌 국민연금 따라가삼
,매도세례 퍼부으면서도 국민연금이 산 종목은? / 공진단 / 한국경제TV,2021. 4. 6.,http://www.youtube.com/watch?v=HndJAMa84v4,"조회수 3,253회",좋아요 48개,싫어요 2개,
,0406 놓쳐선 안 될 '30초 투자뉴스'2,2021. 4. 6.,http://www.youtube.com/watch?v=HndJAMa84v4,조회수 535회,좋아요 9개,싫어요 2개,
,삼성전자 실적 이후 어떤변화 있나? 철도·철강·시멘트·페인트 주목 / 이승조의 진짜전략 / 한국경제TV,2021. 4. 6.,http://www.youtube.com/watch?v=HndJAMa84v4,"조회수 71,548회","좋아요 1,654개",싫어요 66개,"삼성 올라서 사지도
못하겠습니다|춥!
만날헛방만날리더구만.|근데 1년전부터 언제나 안좋다고 말씀하시는 시황에 참.. 좋을때는 언제일까요. 지수 1500아래서 3100에 올때까지 좋다는 말씀 한적있으신가요? 작년 열심히 시황 보다가 가을이후 이건 아닌것같아 안보다가 요즘 몇번 보고있는데, 부정적 시각은 여전하시네요.|감사합니다|많은 도움 감사합니다.|도움이 많이됩니다|반복 청취합니다.|👍수고하셨습니다|'가짜 전략'|늘 기다립니다|큰그림 분석 감사합니다
대표님~~|감사합니다~~|진짜 고수님
감사합니다|감사합니다.|삼전  기대합니다..|북방이라... 글쎄요... 내년에 대선이면 곧 레임덕인데 시장이 얼마나 반응할지는 모르겠네요...
내일이 보궐 선거일인데... 이런 분위기라면 여당이 재선할지 불투명하다고 봅니다.|선동질|이건진짜 강의받는기분이다|뉴스에 팔아라로 들리네.
거래대금이 불안하다고?

연기금,금융투자한테 물어보셔라
왜그렇게 잣나게 팔아 제키는지..

개미들 총알받이 언제까지 해야한단 말인가?

개미 매수가 줄어드니 당근 거래대금 줄어들지여~~|항상 훌륭한 인사이트 주신 이승조 선생님이  항상 기다려 집니다.주식투자에 많은 혜안과 선한도움을 주시는 선생님께 감사 또 감사드립니다~^^**|정말 주식은 경험이 최고..!!
이선생님 찐입니다.
잘 보고 배웁니다.|늘 애매한 말 늘 안좋은 장 얘기하시는분 작년부터 늘 그랬는데 도대체 장은 언제쯤 좋아지는제 빙빙 돌려 정답이 없는 분|대표님 4만원초반에 기아차 사라고 하셨는데 무시한 제가 죄송합니다 ㅠㅜ|감사합니다
 건자재대장주 한일현대시멘트|이 인간 이직도 tv에 나오나보네. 당신이 과거 카페에 추천했던 종목들 생각하면 뒷목이 아직도 땡긴다. 부끄럽지않냐. 어째 다시 tv에 니오지.|이승조선생님 혜안은 정말 남다르신거 같아요
덕분에 수익나고 있읍니다
믿고보는 무극샘채널|생방보고 퇴근후 저녁먹고 다시 청취합니다|체크를 해달라고 보는겁니다...ㅠㅠ
우리보고 체크하라니요?
그래서 올른다는겁니까 내린다는겁니까?
이분 참 거시기하네....ㅠ|◆ 삼성전자(우): 4/7(수): 호실적 발표
: 영업이익 40% 급증 전망 -->선 매수 유리

◆ 1분기 영업이익: 8.9조 전망(큰 증가 호재) 
-->매수 이유 충분!
작년 동기 대비, 실적 40% 증가 전망
실적 좋아지면 주가 상승 아시죠?

1. 실적증가는 주가 상승의 지름길
: 2분기는 더 좋아진다 함
빨리들 매수후, 장기투자로 고수익+고배당 받으시길...

2. 올해 순익 35조 예상(작년 26조)
: 전년 대비 33% 급증 전망
순익급증으로 특별배당도 많아질 것
: 정기배당+특별배당 특혜!

3. 향후 3~5년 반도체 초호황기 지속
: 반도체 없어서 못파는 상황
D램: 전세계 점유율 세계 1위
: 장기간 실적 좋아지니, 장기투자 권유

◆ 삼성전자(우): 보통주 보다 주가 저렴, 우선주가 배당 15% 많아 유리!
시스템반도체 성장성 매우 커, 2년내 20만원 전망
:  저가 매수 기회|이분 단타임 꺼져"
,0406 놓쳐선 안 될 '30초 투자뉴스'1,2021. 4. 6.,http://www.youtube.com/watch?v=HndJAMa84v4,조회수 430회,좋아요 6개,싫어요 없음,
,어제장 놓쳐선 안됐을 미국주식 오늘장 놓칠지도 모를 한국주식… 오늘장 관심주: LG유플러스 / 미국주식보고 한국주식사자 / 한국경제TV,2021. 4. 6.,http://www.youtube.com/watch?v=HndJAMa84v4,"조회수 8,156회",좋아요 145개,싫어요 7개,"나스닥상승
기술주상승
빅테크주상승
FANG주 상승
MAGA주 상승
강다은 캐스터님 기분상승^^|전혀  도움 안되는  말씀  감솨
코로나 3단계 격상  일확진자1000명대
백신 보급률 세계 하위  
대선  아주 난리다|유플 화이자와 무슨관계인가요? 바이오주 편입하나요|광클..|LG 유플러스를 추천한다  개관답다... LG가 핸드폰 산업 접는다는데...할 말이 없다...  개관들 물량 떠 넘기려는거냐?   망하는 회사 주식을 추천하다니...개관 아니  개탄스럽다|저아저씨 안나오면 안되나요 비호감이에요"
,"글로벌 해운·철도·육상·항공 운송업계 강세, 관련 ETF는? / THE PULSE  / 한국경제TV",2021. 4. 6.,http://www.youtube.com/watch?v=HndJAMa84v4,"조회수 2,235회",좋아요 88개,싫어요 2개,감사드립니다 💕|BDRY ETF 어마어마 하네요. 지켜보겠습니다. 감사합니다 라이트핑크 수현님 ~|고마워요!|😃😃😃🙂
,[한상춘의 지금세계는] 지금 달러를 사야 할 3가지 이유 vs 사지 말아야 할 3가지 이유…당신의 선택은? / 한국경제TV,2021. 4. 6.,http://www.youtube.com/watch?v=HndJAMa84v4,"조회수 25,574회",좋아요 477개,싫어요 35개,
,오늘장 놓쳐선 안 될 당신이 잠든사이 일어난 해외 이슈 7 / 출근전 꼭 봐야하는 글로벌 이슈 / 한국경제TV,2021. 4. 6.,http://www.youtube.com/watch?v=HndJAMa84v4,"조회수 56,132회","좋아요 1,446개",싫어요 31개,"영어 발음 짱짱 (댓글 처음 달아봐용 ㅎㅎ)|고운 캐스터님 오늘도 시황 정리 감사해요 👍|Appreciate it 🙏|항상 잘 보고 있어요!! 어제 항공이랑 테슬라 올라서 기분좋네염|감사합니다|영어 발음 좋네요~ 근데 친절한 설명듣다가 급 영어하면 로보트 같아요 :)|유럽장 쉬었나요? 꺅끄지수 궁금했는데|ㄴ ㄴ ㄴㅈㅇ❤️|알람 울리게해두고 매일 아침마다 출근하며 보고있어요 ^^ 이른 새벽부터 부지런히 움직이셔서 좋은 뉴스를 전해주셔서 넘 감사합니다~|훅 치고 들어오는 영어.. 심쿵.. 포인트|감사합니다|감사합니다|감사합니다|인버스 죽겠다 ㅠㅠㅠ 가즈아 삼전|👏|브금 다시 넣어줬네ㅋㅋㅋ|주가영향 생각하면 너무 많은 소음이 많은데 다 생각하면 머리 아프고 잘 맞지도 않는듯 그냥 주가는 우상향하고 현금 포트폴리오 분산해서 폭락하면 담고 그런식으로 하는게 좋은듯|#박고운 #뿅짝브금 #다우상승 = 성공적|굿모닝 입니다 글로벌증권소식 넘 감사합니다|감사드립니다~^^|앨디 3만 안착하즈아|머리가 정리되는 소식들 감사합니다|알수없는 원유 ~|난 매일 이 영상을기다림..앞으로도 좀 부탁합니다..수고하세여|좋은 뉴스 감사합니다.|무서운 비트코인질주. 감사합니다 ~|11:44  '좋아 완벽한 브리핑이였어!'|영어 발음 쥑이네요|23:13 ""아주르"" 가 아니고 '애져(azure)'입니다....|오늘  한증시 좀 오르겠네|매일 아침 상큼한 하루를 열어주는 전세원아나, 박고운/박찬휘/강다은/홍성진/전가은님, 때론 빠르게, 차분하게, 안단테로 각자의 개성이 조화를 이루고, 이 모든 오케스트라의 지휘자 전세원아나.... 당신들이 있어 아침이 행복합니다.|GM 포드 합쳐서 100달러가 안되는데 테슬라가 600달러가 넘네 ㅋㅋㅋ 세계 자동차 1위 도요타보다 시총이 높으니 도대체 거품이 얼마나 껴있는거냐|개미는 은어 아닌가요?개인 투자자라고 해야 될 것 같은데...자꾸 개미라고 하니 듣기 거슬려서...|삼성이 없는 대한민국은 어떻게 될까?|갑작 영어 부적절 했다고 나만 느끼나..|중국은 좀 꺾어지는 것 같은데, 미국은 계속 오르나보네요. 지표가 좀 내려올 때도 된 것 같은데.|20:50 발음 간지나네요|나스닥이 오르니 세원이형님 다은이행님 찬휘누나 다이뻐보입니다.|외국은 5월이후 해외여행도 허가한다 하는데 이 나라는 언제까지 마스크타령에 사회적거리두기에 과태료 때리겠다는 이야기로 겁만 주는건지..."
